 6   1     1    1 0 3.63 4.15 4.06 5.13 3.04 4.48 4.75 4.04 4.14 4.00 4.37 4.02 4.58
 6   1     2    1 1 6.37 6.85 7.19 7.99 4.71 6.08 7.31 6.08 6.98 5.87 6.75 6.10 7.23
 6   1     3    2 0 4.07 4.21 4.15 4.64 4.03 3.74 4.56 4.27 4.03 4.50 3.97 4.19 4.05
 6   1     4    2 1 6.24 7.29 7.41 7.80 6.34 6.63 7.88 6.35 6.91 6.50 6.09 6.43 6.57
 6   1     5    3 0 4.51 4.29 4.40 4.69 3.77 4.46 4.76 3.76 3.30 3.67 3.94 4.07 3.73
 6   1     6    3 1 7.05 7.71 7.35 7.50 6.17 6.98 8.18 5.93 5.95 6.20 6.18 6.37 6.02
 6   1     7    4 0 3.90 4.64 4.05 4.04 3.49 3.91 4.52 4.52 3.05 4.59 4.01 3.34 4.06
 6   1     8    4 1 6.91 8.23 7.89 6.66 5.70 6.46 7.60 7.29 5.82 5.41 5.99 5.60 6.19
 6   1     9    5 0 3.63 4.27 4.92 4.64 3.76 4.10 4.40 4.17 3.67 5.07 3.83 3.63 3.74
 6   1    10    5 1 5.93 7.73 8.58 7.86 6.05 6.77 7.91 7.33 7.33 8.05 6.36 6.43 6.13
 6   1    11    6 0 3.16 3.55 4.08 4.73 3.61 3.66 4.39 3.84 4.26 4.36 3.79 4.09 3.72
 6   1    12    6 1 5.59 6.45 7.04 7.98 5.89 6.15 7.36 6.28 7.61 5.58 5.46 6.10 6.03
 6   1    13    7 0 3.18 3.50 4.23 4.39 3.28 3.56 4.94 4.06 4.32 4.86 3.96 3.74 4.33
 6   1    14    7 1 5.32 5.87 7.02 6.98 4.97 6.06 8.06 6.81 7.37 7.51 6.23 6.38 6.79
 6   1    15    8 0 3.42 3.35 4.07 4.66 3.72 3.84 4.44 3.40 4.07 4.93 3.93 3.04 3.72
 6   1    16    8 1 5.52 5.71 7.05 7.28 5.78 6.10 7.50 5.97 6.99 7.57 6.13 4.96 5.97
 6   1    17    9 0 3.97 3.61 4.67 4.49 3.75 4.11 4.64 2.99 4.37 5.02 3.56 3.59 4.05
 6   1    18    9 1 6.03 6.01 7.64 6.95 5.94 6.83 7.92 5.07 7.25 8.23 5.75 6.03 6.82
 6   1    19    10 0 3.40 3.71 4.27 4.42 4.13 4.20 4.66 3.61 3.99 4.44 3.86 3.99 3.37
 6   1    20    10 1 5.66 6.29 7.17 6.95 7.31 6.86 7.59 6.33 7.26 7.75 6.14 6.26 6.25
 6   1    21    11 0 3.39 3.64 3.84 4.51 4.01 4.21 4.77 3.95 4.17 4.39 4.17 4.17 4.09
 6   1    22    11 1 5.61 6.30 6.60 7.86 7.18 8.23 8.23 7.11 7.52 7.73 7.20 7.08 7.28
 6   1    23    12 0 4.43 3.70 3.82 4.45 3.59 4.37 4.45 4.08 3.72 4.56 4.10 3.07 3.99
 6   1    24    12 1 7.07 6.17 6.87 7.17 6.53 8.75 8.74 7.17 7.28 7.73 6.90 6.12 7.13
 6   1    25    13 0 4.52 3.79 4.41 4.57 3.94 4.47 4.42 3.92 3.86 4.77 4.99 3.91 4.09
 6   1    26    13 1 7.10 6.33 7.03 7.93 7.06 8.53 8.02 6.70 7.20 7.67 7.82 7.34 7.72
 6   1    27    14 0 4.46 4.09 4.39 4.31 4.29 4.47 4.37 3.44 3.82 4.63 4.36 3.79 3.56
 6   1    28    14 1 7.16 7.22 7.73 7.31 7.08 8.15 7.69 6.62 7.05 7.87 7.39 6.33 6.69
 6   1    29    15 0 3.46 4.42 4.29 4.08 3.96 3.96 3.89 4.11 3.73 4.03 4.09 3.82 3.57
 6   1    30    15 1 8.85 5.20 7.52 6.67 6.54 7.10 6.86 7.58 6.89 7.16 7.03 7.30 6.55
 6   1    31    16 0 5.13 3.89 4.26 4.32 3.78 3.54 4.27 4.12 4.13 4.47 3.41 3.55 3.16
 6   1    32    16 1 8.37 7.05 6.99 6.93 6.72 6.46 7.79 7.32 7.24 7.84 5.96 6.70 5.84
 6   1    33    17 0 4.23 3.87 4.23 4.58 3.19 3.49 3.91 4.41 4.21 4.61 4.27 4.06 3.75
 6   1    34    17 1 6.89 6.82 7.14 7.73 6.06 6.63 7.34 7.53 7.41 7.51 7.17 7.00 6.31
 6   1    35    18 0 4.38 4.12 4.39 3.92 4.84 3.94 4.38 4.24 3.96 4.29 4.52 4.19 4.49
 6   1    36    18 1 6.72 7.38 7.55 6.70 8.85 6.75 7.43 7.32 7.04 6.96 7.73 7.30 7.57
 6   1    37    19 0 3.85 4.28 4.69 5.16 4.46 4.41 4.68 4.37 4.15 4.91 4.68 5.13 4.19
 6   1    38    19 1 6.59 7.03 8.06 8.78 7.54 8.15 7.51 7.19 7.47 7.96 8.07 8.31 6.93
 6   1    39    20 0 3.61 4.22 4.42 5.09 3.66 4.22 4.06 3.97 3.89 4.46 4.44 4.52 3.70
 6   1    40    20 1 6.20 7.65 8.45 8.72 7.09 7.72 7.06 7.53 7.36 6.91 6.87 8.17 6.80
 6   1    41    1 0 3.92 3.64 3.66 3.57 3.51 4.27 3.72 3.36 3.17 2.97 4.23 4.53
 6   1    42    1 1 6.33 5.11 5.96 5.12 5.05 6.54 5.47 4.76 4.95 4.53 6.08 6.78
 6   1    43    2 0 3.97 3.61 3.82 3.44 3.92 4.26 4.36 3.69 3.53 3.14 4.09 3.94
 6   1    44    2 1 6.03 5.58 5.80 5.00 5.83 8.61 6.14 5.56 5.09 5.11 5.91 5.68
 6   1    45    3 0 4.58 3.64 4.07 3.44 3.53 4.20 4.31 4.03 3.66 3.59 3.97 4.38
 6   1    46    3 1 7.23 5.86 6.74 5.56 4.91 6.55 6.44 6.17 6.15 5.41 6.28 7.49
 6   1    47    4 0 3.19 3.75 4.54 3.97 3.77 4.30 4.10 3.81 3.89 3.32 3.46 3.64
 6   1    48    4 1 6.56 4.62 7.08 6.03 5.79 5.95 5.96 6.13 5.92 4.62 5.41 6.55
 6   1    49    5 0 4.14 3.70 3.92 3.79 4.29 4.22 3.74 3.55 3.67 3.57 3.96 4.31
 6   1    50    5 1 5.98 7.67 6.14 5.33 5.58 6.15 5.76 5.89 5.45 5.24 5.60 6.56
 6   1    51    6 0 3.76 3.37 4.01 3.87 4.35 4.24 3.58 4.20 3.94 4.24 3.75 4.29
 6   1    52    6 1 5.49 5.00 5.99 5.57 6.09 5.88 5.61 5.92 5.87 5.82 5.50 6.15
 6   1    53    7 0 3.77 3.71 4.59 3.97 4.38 3.81 4.06 3.42 3.05 3.44 2.78 3.44
 6   1    54    7 1 5.48 5.66 7.28 6.03 6.24 5.69 6.25 5.45 4.57 4.56 4.28 5.68
 6   1    55    8 0 3.93 3.71 4.76 3.83 3.71 3.54 3.66 3.95 3.84 3.76 3.47 4.24
 6   1    56    8 1 6.07 5.79 6.49 6.29 5.91 5.21 5.78 5.92 5.66 5.24 5.59 7.26
 6   1    57    9 0 3.96 3.75 4.73 4.24 4.21 3.85 4.41 4.21 3.63 4.17 3.44 4.55
 6   1    58    9 1 6.35 5.12 8.64 6.45 6.29 6.15 6.15 6.04 5.81 5.58 4.81 6.32
 6   1    59    10 0 3.47 3.09 4.20 4.09 4.07 4.09 3.95 4.08 4.03 3.97 2.84 3.91
 6   1    60    10 1 5.78 5.47 6.49 6.16 6.18 5.47 6.11 7.00 5.72 5.65 4.10 5.96
 6   1    61    11 0 3.29 3.37 3.74 3.41 3.86 4.36 4.54 4.24 4.08 3.89 3.47 3.29
 6   1    62    11 1 5.71 6.44 8.63 5.78 6.14 7.39 7.46 7.20 6.54 5.98 5.84 5.65
 6   1    63    12 0 3.14 4.86 4.36 3.51 3.47 3.94 4.47 4.11 3.97 4.07 3.56 3.83
 6   1    64    12 1 5.05 6.39 7.26 6.11 5.90 6.68 7.84 6.95 6.47 5.80 6.38 6.29
 6   1    65    13 0 3.05 3.39 3.60 4.13 3.89 3.67 4.54 4.11 4.58 4.02 3.93 4.33
 6   1    66    13 1 5.70 5.86 6.27 6.87 6.23 6.20 7.33 6.64 6.79 6.35 5.69 7.11
 6   1    67    14 0 3.29 3.64 3.60 3.19 3.80 3.72 3.91 3.35 4.11 4.39 3.47 3.93
 6   1    68    14 1 5.71 6.36 5.84 5.87 6.14 6.34 6.96 6.27 6.64 6.11 5.78 6.07
 6   1    69    15 0 3.43 3.73 3.39 3.08 3.48 3.05 3.65 3.71 3.25 3.69 3.43 3.38
 6   1    70    15 1 5.38 8.58 6.42 5.42 5.52 5.20 6.60 6.29 6.37 5.18 5.82 5.68
 6   1    71    16 0 3.47 3.30 3.39 2.92 3.23 3.25 3.86 3.22 3.69 3.80 3.79 3.63
 6   1    72    16 1 5.84 5.70 5.80 4.95 5.33 5.25 6.64 5.40 5.93 5.70 6.21 5.99
 6   1    73    17 0 3.91 3.51 3.45 3.05 3.68 3.52 3.91 3.87 3.87 4.21 3.68 4.06
 6   1    74    17 1 6.21 5.99 6.05 7.64 5.82 5.85 6.71 6.13 7.50 5.48 6.01 6.88
 6   1    75    18 0 3.82 3.60 3.14 2.73 3.09 3.66 3.77 3.48 3.76 3.69 3.84 3.67
 6   1    76    18 1 6.37 6.34 5.48 4.77 5.41 5.84 6.98 6.14 6.11 5.43 6.35 6.33
 6   1    77    19 0 4.41 3.54 3.01 2.85 3.36 3.85 4.15 3.93 3.91 4.33 4.21 4.19
 6   1    78    19 1 6.78 5.58 5.68 4.96 6.14 6.15 6.85 6.57 6.09 6.04 6.98 6.93
 6   1    79    20 0 4.28 3.24 3.29 3.48 3.49 3.68 3.36 3.71 3.54 3.59 3.76 3.36
 6   1    80    20 1 6.97 5.95 5.58 5.52 5.82 6.76 6.08 6.35 6.21 4.66 6.36 6.33
