 7   1     1    1 15 1 54 1.11
 7   1     2    2 3 1 40 1.66
 7   1     3    3 46 1 42 0.61
 7   1     4    4 623 1 51 1.32
 7   1     5    5 126 1 48 0.36
 7   1     6    6 64 1 54 1.89
 7   1     7    7 1350 1 54 0.87
 7   1     8    8 23 1 56 2.05
 7   1     9    9 279 1 49 1.12
 7   1    10    10 1024 1 43 1.13
 7   1    11    11 10 1 56 2.76
 7   1    12    12 39 1 42 1.38
 7   1    13    13 730 1 58 0.96
 7   1    14    14 1961 1 33 1.06
 7   1    15    15 136 1 52 1.62
 7   1    16    16 1 1 54 0.47
 7   1    17    17 836 1 44 1.58
 7   1    18    18 60 1 64 0.69
 7   1    19    19 3695 0 40 0.38
 7   1    20    20 1996 1 49 0.91
 7   1    21    21 0 1 41 0.87
 7   1    22    22 47 1 62 0.87
 7   1    23    23 54 1 49 2.09
 7   1    24    24 51 1 50 -9999
 7   1    25    25 2878 1 49 0.75
 7   1    26    26 3410 0 45 0.98
 7   1    27    27 44 1 36 0.0
 7   1    28    28 994 1 48 0.81
 7   1    29    29 51 1 47 1.38
 7   1    30    30 1478 1 36 1.35
 7   1    31    31 254 1 48 1.08
 7   1    32    32 897 1 46 -9999
 7   1    33    33 148 1 47 -9999
 7   1    34    34 51 1 52 1.51
 7   1    35    35 323 1 48 1.82
 7   1    36    36 3021 0 38 0.98
 7   1    37    37 66 1 49 0.66
 7   1    38    38 2984 0 32 0.19
 7   1    39    39 2723 1 32 1.93
 7   1    40    40 550 1 48 0.12
 7   1    41    41 66 1 51 1.12
 7   1    42    42 65 1 45 1.68
 7   1    43    43 227 1 19 1.02
 7   1    44    44 2805 0 48 1.20
 7   1    45    45 25 1 53 1.68
 7   1    46    46 631 1 26 1.46
 7   1    47    47 2734 0 47 0.97
 7   1    48    48 12 1 29 0.61
 7   1    49    49 63 1 56 2.16
 7   1    50    50 2474 1 52 1.70
 7   1    51    51 1384 1 46 1.41
 7   1    52    52 544 1 52 1.94
 7   1    53    53 29 1 53 1.08
 7   1    54    54 48 1 53 3.05
 7   1    55    55 297 1 42 0.60
 7   1    56    56 1318 1 48 1.44
 7   1    57    57 1352 1 54 0.68
 7   1    58    58 50 1 46 2.25
 7   1    59    59 547 1 49 0.81
 7   1    60    60 431 1 47 0.33
 7   1    61    61 68 1 51 1.33
 7   1    62    62 26 1 52 0.82
 7   1    63    63 161 1 43 1.20
 7   1    64    64 14 1 40 -9999
 7   1    65    65 2313 0 26 0.46
 7   1    66    66 1634 1 23 1.78
 7   1    67    67 146 1 45 0.16
 7   1    68    68 48 1 28 0.77
 7   1    69    69 2127 1 35 0.67
 7   1    70    70 263 1 49 0.48
 7   1    71    71 2106 0 40 0.86
 7   1    72    72 293 1 43 0.70
 7   1    73    73 2025 0 30 1.44
 7   1    74    74 2006 0 15 1.26
 7   1    75    75 2000 0 45 1.46
 7   1    76    76 1995 0 47 1.65
 7   1    77    77 1945 0 38 1.28
 7   1    78    78 65 1 55 0.69
 7   1    79    79 731 1 38 0.42
 7   1    80    80 1866 0 49 0.51
 7   1    81    81 538 1 49 2.76
 7   1    82    82 1846 0 44 0.83
 7   1    83    83 68 1 35 0.85
 7   1    84    84 1778 0 27 0.70
 7   1    85    85 1722 0 40 0.95
 7   1    86    86 928 1 50 1.12
 7   1    87    87 1718 0 39 1.77
 7   1    88    88 22 1 27 1.64
 7   1    89    89 40 1 42 1.59
 7   1    90    90 7 1 28 1.00
 7   1    91    91 1638 0 48 0.43
 7   1    92    92 1612 0 51 1.25
 7   1    93    93 25 1 52 0.53
 7   1    94    94 1534 1 44 1.71
 7   1    95    95 1547 0 50 0.18
 7   1    96    96 1271 1 32 1.05
 7   1    97    97 44 1 46 1.71
 7   1    98    98 1247 1 41 0.43
 7   1    99    99 1232 1 18 0.70
 7   1   100    100 191 1 42 1.74
 7   1   101    101 1393 0 46 0.95
 7   1   102    102 1202 1 38 -9999
 7   1   103    103 1378 0 41 1.65
 7   1   104    104 1373 0 41 1.38
 7   1   105    105 274 1 31 0.58
 7   1   106    106 31 1 33 0.36
 7   1   107    107 1341 0 50 1.13
 7   1   108    108 42 1 19 0.63
 7   1   109    109 381 1 45 0.98
 7   1   110    110 1264 0 52 0.64
 7   1   111    111 1262 0 34 1.68
 7   1   112    112 1261 0 47 0.82
 7   1   113    113 47 1 36 0.16
 7   1   114    114 1193 0 24 1.15
 7   1   115    115 626 1 53 1.74
 7   1   116    116 48 1 51 0.99
 7   1   117    117 1150 1 32 2.25
 7   1   118    118 45 1 48 0.65
 7   1   119    119 1116 0 14 0.54
 7   1   120    120 1107 0 18 0.25
 7   1   121    121 1102 0 39 1.35
 7   1   122    122 195 1 39 0.73
 7   1   123    123 30 1 34 0.84
 7   1   124    124 1040 0 43 0.50
 7   1   125    125 993 0 30 0.95
 7   1   126    126 950 0 46 -9999
 7   1   127    127 729 1 49 1.10
 7   1   128    128 121 1 45 -9999
 7   1   129    129 202 1 48 1.24
 7   1   130    130 841 0 48 0.86
 7   1   131    131 834 0 49 -9999
 7   1   132    132 265 1 49 1.22
 7   1   133    133 1 1 21 0.47
 7   1   134    134 793 0 19 1.98
 7   1   135    135 328 1 34 1.02
 7   1   136    136 781 0 20 1.12
 7   1   137    137 752 0 43 1.50
 7   1   138    138 738 0 41 0.53
 7   1   139    139 86 1 12 1.26
 7   1   140    140 132 1 46 1.09
 7   1   141    141 663 0 36 0.47
 7   1   142    142 660 0 42 0.75
 7   1   143    143 221 1 35 1.04
 7   1   144    144 90 1 38 1.00
 7   1   145    145 619 0 47 0.90
 7   1   146    146 618 0 50 0.82
 7   1   147    147 576 0 53 2.25
 7   1   148    148 563 0 41 -9999
 7   1   149    149 36 1 45 0.20
 7   1   150    150 549 0 40 2.53
 7   1   151    151 548 0 30 0.47
 7   1   152    152 541 0 47 0.43
 7   1   153    153 534 0 20 -9999
 7   1   154    154 169 1 51 1.89
 7   1   155    155 122 1 51 1.33
 7   1   156    156 382 1 36 -9999
 7   1   157    157 468 0 24 1.39
 7   1   158    158 464 0 38 2.07
 7   1   159    159 10 1 13 1.49
 7   1   160    160 5 1 20 -9999
 7   1   161    161 136 1 55 -9999
 7   1   162    162 406 0 39 1.18
 7   1   163    163 391 0 27 1.17
 7   1   164    164 374 0 47 -9999
 7   1   165    165 50 1 50 0.50
 7   1   166    166 139 1 51 0.96
 7   1   167    167 322 0 36 1.73
 7   1   168    168 292 0 43 1.40
 7   1   169    169 278 0 41 0.98
 7   1   170    170 22 1 45 -9999
 7   1   171    171 231 0 52 -9999
 7   1   172    172 145 1 50 0.96
 7   1   173    173 188 0 52 -9999
 7   1   174    174 176 0 29 1.72
 7   1   175    175 138 1 41 -9999
 7   1   176    176 149 0 21 -9999
 7   1   177    177 119 0 20 -9999
 7   1   178    178 107 0 46 -9999
 7   1   179    179 98 0 19 -9999
 7   1   180    180 89 0 27 -9999
 7   1   181    181 60 0 13 -9999
 7   1   182    182 56 0 27 -9999
 7   1   183    183 2 0 39 -9999
 7   1   184    184 1 0 27 -9999
