 8   1     1    Sat 15 Mar 1851 74 -9999 61
 8   1     2    Tue 19 Aug 1851 231 157 35
 8   1     3    Sat 20 Dec 1851 354 123 52
 8   1     4    Mon 22 Dec 1851 356 2 13
 8   1     5    Sat 24 April 1852 115 124 12
 8   1     6    Thu 6 May 1852 127 12 22
 8   1     7    Mon 10 May 1852 131 4 65
 8   1     8    Thu 20 May 1852 141 10 36
 8   1     9    Wed 22 Dec 1852 357 216 10
 8   1    10    Sat 12 Mar 1853 71 80 10
 8   1    11    Thu 24 Mar 1853 83 12 58
 8   1    12    Tue 26 April 1853 116 33 11
 8   1    13    Fri 1 July 1853 182 66 20
 8   1    14    Sat 18 Feb 1854 49 232 89
 8   1    15    Sat 24 May 1856 145 826 12
 8   1    16    Thu 3 July 1856 185 40 11
 8   1    17    Tue 15 July 1856 197 12 114
 8   1    18    Wed 13 Aug 1856 226 29 11
 8   1    19    Thu 19 Feb 1857 50 190 189
 8   1    20    Wed 27 May 1857 147 97 13
 8   1    21    Fri 31 July 1857 212 65 40
 8   1    22    Tue 2 Feb 1858 33 186 53
 8   1    23    Thu 25 Feb 1858 56 23 19
 8   1    24    Fri 28 May 1858 148 92 12
 8   1    25    Sat 11 Dec 1858 345 197 25
 8   1    26    Wed 15 Feb 1860 46 431 13
 8   1    27    Fri 2 Mar 1860 62 16 76
 8   1    28    Fri 3 Aug 1860 216 154 13
 8   1    29    Tue 6 Nov 1860 311 95 12
 8   1    30    Sat 1 Dec 1860 336 25 142
 8   1    31    Thu 20 Dec 1860 355 19 22
 8   1    32    Fri 8 Mar 1861 67 78 13
 8   1    33    Thu 26 Sept 1861 269 202 10
 8   1    34    Fri 1 Nov 1861 305 36 13
 8   1    35    Wed 19 Feb 1862 50 110 47
 8   1    36    Sat 22 Nov 1862 326 276 16
 8   1    37    Mon 8 Dec 1862 342 16 59
 8   1    38    Fri 6 Mar 1863 65 88 26
 8   1    39    Sat 17 Oct 1863 290 225 39
 8   1    40    Wed 9 Dec 1863 343 53 13
 8   1    41    Sat 26 Dec 1863 360 17 15
 8   1    42    Fri 16 June 1865 167 538 26
 8   1    43    Wed 20 Dec 1865 354 187 34
 8   1    44    Tue 23 Jan 1866 23 34 30
 8   1    45    Fri 4 May 1866 124 101 12
 8   1    46    Thu 14 June 1866 165 41 38
 8   1    47    Wed 31 Oct 1866 304 139 24
 8   1    48    Wed 12 Dec 1866 346 42 361
 8   1    49    Thu 13 Dec 1866 347 1 91
 8   1    50    Tue 20 Aug 1867 232 250 14
 8   1    51    Fri 8 Nov 1867 312 80 178
 8   1    52    Mon 11 Nov 1867 315 3 12
 8   1    53    Wed 30 Sept 1868 274 324 10
 8   1    54    Wed 25 Nov 1868 330 56 62
 8   1    55    Sat 26 Dec 1868 361 31 26
 8   1    56    Thu 1 April 1869 91 96 37
 8   1    57    Thu 10 June 1869 161 70 53
 8   1    58    Wed 21 July 1869 202 41 59
 8   1    59    Fri 22 Oct 1869 295 93 11
 8   1    60    Mon 15 Nov 1869 319 24 27
 8   1    61    Mon 14 Feb 1870 45 91 30
 8   1    62    Thu 7 July 1870 188 143 19
 8   1    63    Sat 23 July 1870 204 16 19
 8   1    64    Fri 19 Aug 1870 231 27 20
 8   1    65    Tue 10 Jan 1871 10 144 26
 8   1    66    Fri 24 Feb 1871 55 45 38
 8   1    67    Thu 2 Mar 1871 61 6 19
 8   1    68    Tue 26 Sept 1871 269 208 70
 8   1    69    Wed 25 Oct 1871 298 29 26
 8   1    70    Wed 14 Feb 1872 45 112 11
 8   1    71    Thu 28 Mar 1872 88 43 27
 8   1    72    Mon 7 Oct 1872 281 193 34
 8   1    73    Tue 18 Feb 1873 49 134 18
 8   1    74    Tue 14 April 1874 104 420 54
 8   1    75    Sat 18 July 1874 199 95 15
 8   1    76    Fri 20 Nov 1874 324 125 23
 8   1    77    Thu 24 Dec 1874 358 34 17
 8   1    78    Fri 30 April 1875 120 127 43
 8   1    79    Sat 4 Dec 1875 338 218 23
 8   1    80    Mon 6 Dec 1875 340 2 143
 8   1    81    Mon 6 Dec 1875 340 0 16
 8   1    82    Mon 18 Dec 1876 353 378 23
 8   1    83    Tue 23 Jan 1877 23 36 18
 8   1    84    Wed 7 Feb 1877 38 15 10
 8   1    85    Sat 10 Mar 1877 69 31 18
 8   1    86    Thu 11 Oct 1877 284 215 36
 8   1    87    Mon 22 Oct 1877 295 11 207
 8   1    88    Fri 8 Mar 1878 67 137 17
 8   1    89    Tue 12 Mar 1878 71 4 43
 8   1    90    Wed 27 Mar 1878 86 15 23
 8   1    91    Fri 7 June 1878 158 72 189
 8   1    92    Wed 11 Sept 1878 254 96 268
 8   1    93    Mon 13 Jan 1879 13 124 63
 8   1    94    Tue 4 Mar 1879 63 50 21
 8   1    95    Wed 2 July 1879 183 120 28
 8   1    96    Wed 21 Jan 1880 21 203 62
 8   1    97    Thu 15 July 1880 197 176 120
 8   1    98    Wed 8 Sept 1880 252 55 164
 8   1    99    Fri 10 Dec 1880 345 93 101
 8   1   100    Mon 7 Feb 1881 38 59 25
 8   1   101    Mon 19 Dec 1881 353 315 48
 8   1   102    Thu 16 Feb 1882 47 59 74
 8   1   103    Tue 18 April 1882 108 61 37
 8   1   104    Wed 19 April 1882 109 1 13
 8   1   105    Tue 2 May 1882 122 13 32
 8   1   106    Tue 7 Nov 1882 311 189 45
 8   1   107    Thu 18 Oct 1883 291 345 20
 8   1   108    Wed 7 Nov 1883 311 20 68
 8   1   109    Sun 27 Jan 1884 27 81 14
 8   1   110    Sat 8 Nov 1884 313 286 14
 8   1   111    Mon 2 Mar 1885 61 114 42
 8   1   112    Thu 18 June 1885 169 108 178
 8   1   113    Wed 23 Dec 1885 357 188 81
 8   1   114    Fri 13 Aug 1886 225 233 38
 8   1   115    Fri 10 Sept 1886 253 28 10
 8   1   116    Sat 2 Oct 1886 275 22 22
 8   1   117    Thu 2 Dec 1886 336 61 28
 8   1   118    Fri 18 Feb 1887 49 78 39
 8   1   119    Sat 28 May 1887 148 99 73
 8   1   120    Wed 18 April 1888 109 326 30
 8   1   121    Fri 18 Jan 1889 18 275 23
 8   1   122    Wed 13 Mar 1889 72 54 20
 8   1   123    Wed 16 Oct 1889 289 217 64
 8   1   124    Thu 6 Feb 1890 37 113 176
 8   1   125    Mon 10 Mar 1890 69 32 87
 8   1   126    Thu 2 April 1891 92 388 10
 8   1   127    Mon 31 Aug 1891 243 151 10
 8   1   128    Fri 26 Aug 1892 239 361 112
 8   1   129    Tue 4 July 1893 185 312 139
 8   1   130    Sat 23 June 1894 174 354 290
 8   1   131    Fri 26 April 1895 116 307 13
 8   1   132    Sun 26 Jan 1896 26 275 57
 8   1   133    Mon 13 April 1896 104 78 20
 8   1   134    Thu 30 April 1896 121 17 63
 8   1   135    Fri 18 Aug 1899 230 1205 19
 8   1   136    Fri 24 May 1901 144 644 81
 8   1   137    Wed 3 Sept 1902 246 467 16
 8   1   138    Sat 21 Jan 1905 21 871 11
 8   1   139    Fri 10 Mar 1905 69 48 33
 8   1   140    Tue 11 July 1905 192 123 119
 8   1   141    Wed 10 Oct 1906 283 456 25
 8   1   142    Thu 20 Feb 1908 51 498 14
 8   1   143    Thu 9 April 1908 100 49 10
 8   1   144    Tue 18 Aug 1908 231 131 75
 8   1   145    Tue 16 Feb 1909 47 182 168
 8   1   146    Fri 29 Oct 1909 302 255 27
 8   1   147    Wed 11 May 1910 131 194 136
 8   1   148    Wed 21 Dec 1910 355 224 344
 8   1   149    Tue 9 July 1912 191 566 88
 8   1   150    Tue 14 Oct 1913 287 462 439
 8   1   151    Sat 30 May 1914 150 228 12
 8   1   152    Sun 13 Aug 1916 226 806 13
 8   1   153    Sat 12 Jan 1918 12 517 155
 8   1   154    Thu 13 July 1922 194 1643 12
 8   1   155    Tue 5 Sept 1922 248 54 39
 8   1   156    Sat 28 July 1923 209 326 27
 8   1   157    Tue 1 Mar 1927 60 1312 52
 8   1   158    Sun 12 Feb 1928 43 348 13
 8   1   159    Wed 26 Feb 1930 57 745 13
 8   1   160    Wed 1 Oct 1930 274 217 14
 8   1   161    Thu 29 Jan 1931 29 120 27
 8   1   162    Sat 31 Oct 1931 304 275 10
 8   1   163    Fri 20 Nov 1931 324 20 45
 8   1   164    Mon 25 Jan 1932 25 66 11
 8   1   165    Sat 12 Nov 1932 317 292 27
 8   1   166    Wed 16 Nov 1932 321 4 11
 8   1   167    Sun 19 Nov 1933 323 368 14
 8   1   168    Sat 22 Sept 1934 265 307 265
 8   1   169    Sat 24 Aug 1935 236 336 10
 8   1   170    Thu 12 Sept 1935 255 19 19
 8   1   171    Thu 6 Aug 1936 219 329 58
 8   1   172    Fri 2 July 1937 183 330 30
 8   1   173    Tue 10 May 1938 130 312 79
 8   1   174    Sat 28 Oct 1939 301 536 35
 8   1   175    Thu 21 Mar 1940 81 145 11
 8   1   176    Tue 4 June 1940 156 75 10
 8   1   177    Tue 3 June 1941 154 364 12
 8   1   178    Thu 10 July 1941 191 37 16
 8   1   179    Tue 29 July 1941 210 19 22
 8   1   180    Thu 1 Jan 1942 1 156 57
 8   1   181    Tue 17 Feb 1942 48 47 12
 8   1   182    Fri 26 June 1942 177 129 13
 8   1   183    Thu 12 Dec 1946 346 1630 15
 8   1   184    Fri 10 Jan 1947 10 29 15
 8   1   185    Fri 15 Aug 1947 227 217 104
 8   1   186    Fri 22 Aug 1947 234 7 21
 8   1   187    Tue 9 Sept 1947 252 18 12
 8   1   188    Tue 29 May 1951 149 1358 83
 8   1   189    Tue 19 Nov 1957 323 2366 17
 8   1   190    Tue 28 June 1960 180 952 45
 8   1   191    Thu 22 Mar 1962 81 632 19
