 9   1     1    1 0 16.00 0.000 0 9.00
 9   1     2    2 -1 16.00 1.750 1 9.00
 9   1     3    3 1 16.00 1.500 -1 9.00
 9   1     4    4 1 12.00 1.500 -1 9.00
 9   1     5    5 -1 12.00 1.750 1 9.00
 9   1     6    6 -1 8.00 1.600 1 9.00
 9   1     7    7 1 8.00 1.100 -1 9.00
 9   1     8    8 1 4.00 1.000 -1 9.00
 9   1     9    9 -1 4.00 1.125 1 9.00
 9   1    10    10 -1 24.00 1.150 1 9.00
 9   1    11    11 -1 32.00 0.600 1 9.00
 9   1    12    12 -1 40.00 0.150 1 9.00
 9   1    13    13 -1 48.00 0.450 -1 9.00
 9   1    14    14 1 20.00 1.050 -1 9.00
 9   1    15    15 1 20.00 1.400 -1 9.00
 9   1    16    16 1 64.75 0.775 1 9.00
 9   1    17    17 -1 64.75 0.900 -1 9.00
 9   1    18    18 -1 96.00 1.100 -1 9.00
 9   1    19    19 1 96.00 0.700 1 9.00
 9   1    20    20 1 96.00 0.800 1 9.00
 9   1    21    21 -1 96.00 1.300 -1 9.00
 9   1    22    22 -1 96.00 1.350 -1 9.00
 9   1    23    23 1 12.00 0.350 -1 6.00
 9   1    24    24 1 12.00 1.300 -1 9.00
 9   1    25    25 -1 12.00 0.675 1 2.00
 9   1    26    26 -1 12.00 1.075 1 4.00
 9   1    27    27 -1 12.00 1.250 1 6.00
 9   1    28    28 -1 12.00 1.450 1 8.00
 9   1    29    29 -1 48.00 0.500 -1 9.00
 9   1    30    30 -1 56.00 0.800 -1 9.00
 9   1    31    31 -1 96.00 1.250 -1 9.00
 9   1    32    32 -1 96.00 1.500 -1 9.00
 9   1    33    33 -1 40.00 0.500 -1 9.00
 9   1    34    34 1 46.00 0.900 1 9.00
 9   1    35    35 0 8.00 0.200 1 9.00
 9   1    36    36 1 96.00 0.600 1 9.00
 9   1    37    37 -1 96.00 0.900 -1 9.00
 9   1    38    38 -1 40.00 0.175 -1 9.00
 9   1    39    39 -1 38.00 0.150 1 9.00
 9   1    40    40 -1 39.00 0.050 -1 9.00
 9   1    41    41 1 39.00 0.100 -1 9.00
 9   1    42    42 1 12.00 0.600 -1 2.00
 9   1    43    43 1 12.00 0.925 -1 4.00
 9   1    44    44 1 12.00 1.200 -1 6.00
 9   1    45    45 1 12.00 1.550 -1 8.00
 9   1    46    46 1 12.00 1.900 -1 9.00
 9   1    47    47 0 12.00 0.100 -1 9.00
 9   1    48    48 1 12.00 0.300 -1 0.25
 9   1    49    49 -1 12.00 0.350 1 0.25
 9   1    50    50 -1 96.00 0.050 1 0.25
 9   1    51    51 1 96.00 0.050 -1 0.25
 9   1    52    52 1 96.00 0.200 1 2.00
 9   1    53    53 -1 96.00 0.200 -1 -9999
 9   1    54    54 -1 48.00 0.150 1 0.25
 9   1    55    55 -1 48.00 0.000 0 2.00
 9   1    56    56 1 48.00 0.125 -1 0.25
 9   1    57    57 1 39.00 0.350 -1 9.00
 9   1    58    58 1 39.00 0.200 -1 9.00
 9   1    59    59 1 40.00 0.200 -1 9.00
 9   1    60    60 1 40.00 0.000 0 9.00
 9   1    61    61 1 40.00 0.200 -1 9.00
 9   1    62    62 1 96.00 0.650 1 9.00
 9   1    63    63 -1 96.00 1.050 -1 9.00
 9   1    64    64 -1 96.00 1.050 -1 9.00
 9   1    65    65 1 96.00 0.750 1 9.00
 9   1    66    66 1 96.00 1.000 1 9.00
 9   1    67    67 1 40.00 0.800 -1 9.00
 9   1    68    68 -1 40.00 0.500 1 9.00
 9   1    69    69 -1 48.00 0.100 1 9.00
 9   1    70    70 1 48.00 0.025 -1 2.00
 9   1    71    71 -1 12.00 1.700 1 9.00
 9   1    72    72 -1 12.00 0.225 1 0.25
 9   1    73    73 -1 12.00 0.650 1 2.00
 9   1    74    74 -1 12.00 1.000 1 4.00
 9   1    75    75 -1 12.00 1.175 1 6.00
 9   1    76    76 -1 48.00 0.075 1 0.25
 9   1    77    77 -1 48.00 0.150 -1 2.00
 9   1    78    78 -1 48.00 0.250 -1 4.00
 9   1    79    79 -1 48.00 0.550 -1 6.00
 9   1    80    80 -1 4.00 0.150 1 0.25
 9   1    81    81 -1 4.00 0.150 1 0.25
 9   1    82    82 -1 8.00 0.325 1 0.25
 9   1    83    83 -1 12.00 0.300 1 0.25
 9   1    84    84 -1 16.00 0.225 1 0.25
 9   1    85    85 1 48.00 0.000 0 9.00
 9   1    86    86 1 48.00 0.100 -1 9.00
 9   1    87    87 -1 48.00 0.025 1 9.00
 9   1    88    88 -1 4.00 1.600 1 9.00
 9   1    89    89 -1 4.00 1.550 1 9.00
 9   1    90    90 1 4.00 1.600 -1 9.00
 9   1    91    91 1 8.00 1.800 -1 9.00
 9   1    92    92 -1 8.00 1.800 1 9.00
 9   1    93    93 -1 12.00 2.000 1 9.00
 9   1    94    94 1 12.00 2.100 -1 9.00
 9   1    95    95 1 16.00 1.750 -1 9.00
 9   1    96    96 -1 16.00 1.800 1 9.00
 9   1    97    97 -1 20.00 1.500 1 9.00
 9   1    98    98 -1 20.00 0.200 1 0.25
 9   1    99    99 -1 24.00 0.275 1 0.25
 9   1   100    100 -1 28.00 0.100 1 0.25
 9   1   101    101 -1 32.00 0.150 1 0.25
 9   1   102    102 -1 36.00 0.125 1 0.25
 9   1   103    103 -1 40.00 0.100 1 0.25
 9   1   104    104 -1 44.00 0.050 1 0.25
 9   1   105    105 -1 48.00 0.050 1 0.25
 9   1   106    106 -1 52.00 0.025 1 0.25
 9   1   107    107 -1 56.00 0.025 1 0.25
 9   1   108    108 -1 60.00 0.0125 1 0.25
 9   1   109    109 -1 64.00 0.0125 1 0.25
 9   1   110    110 -1 96.00 0.000 -1 0.25
