10   1     1    1 41.68 082.85 41.62 087.67 -41.12 -83.03 -41.03 -85.10 41.28 082.42 43.13 082.25
10   1     2    2 41.90 082.52 42.12 087.00 41.88 082.00 41.87 085.37 42.08 081.17 42.35 081.77
10   1     3    3 42.25 081.92 42.07 085.97 42.13 080.78 41.98 083.78 42.22 080.20 42.62 081.37
10   1     4    4 42.55 080.03 42.47 084.17 42.13 079.55 42.00 083.18 42.07 080.27 42.83 079.92
10   1     5    5 44.05 083.03 43.42 087.25 44.23 083.60 44.13 086.85 44.60 083.50 44.62 085.50
10   1     6    6 43.65 083.95 43.12 087.92 43.25 084.48 43.80 087.10 43.72 083.23 43.62 085.25
10   1     7    7 44.25 083.45 43.63 087.62 44.43 083.83 44.20 087.00 44.78 083.83 44.82 085.75
10   1     8    8 45.87 084.87 45.05 089.62 -45.12 -85.08 -45.13 -87.15 45.67 085.62 45.67 087.67
10   1     9    9 45.93 080.90 45.38 085.58 45.57 085.37 45.15 083.90 45.75 078.73 45.90 080.78
10   1    10    10 46.23 083.57 45.60 087.75 45.73 084.42 45.10 087.22 46.00 084.30 45.95 086.25
10   1    11    11 45.80 081.58 45.38 086.57 45.17 082.55 44.90 085.08 45.82 081.33 45.78 083.33
10   1    12    12 45.90 083.22 45.22 087.67 45.33 084.18 44.85 086.95 45.85 083.80 45.70 086.28
10   1    13    13 44.25 086.33 43.53 089.87 -44.00 -87.03 -43.15 -89.10 44.25 085.92 44.20 088.17
10   1    14    14 43.95 086.45 43.17 089.83 43.93 086.00 43.57 088.77 44.08 085.77 43.75 087.80
10   1    15    15 43.07 086.25 42.20 090.13 43.12 086.18 42.97 089.10 42.87 085.13 42.80 087.17
10   1    16    16 42.40 086.28 41.87 090.33 42.47 086.20 42.20 089.22 41.85 084.92 41.72 087.05
10   1    17    17 42.12 086.48 41.75 090.65 41.88 086.22 41.87 089.58 41.63 085.25 41.55 087.38
10   1    18    18 41.88 087.62 41.88 093.63 42.17 088.12 41.67 090.65 41.75 086.50 41.75 088.67
10   1    19    19 44.53 088.00 43.58 093.92 43.82 089.15 43.22 091.53 43.42 088.33 43.33 090.33
10   1    20    20 45.95 086.25 45.47 090.70 -45.12 -87.03 -45.13 -89.10 45.58 087.67 45.62 089.58
10   1    21    21 47.93 084.85 48.75 088.00 48.08 085.28 47.90 088.13 49.25 085.75 49.25 087.70
10   1    22    22 46.93 084.53 47.67 088.70 47.28 085.55 47.20 088.53 46.88 085.08 46.72 087.17
10   1    23    23 48.18 088.42 47.92 094.28 47.75 089.62 48.63 091.47 48.12 090.63 48.08 092.55
10   1    24    24 47.85 089.23 47.53 095.75 47.67 090.78 48.60 092.45 47.80 092.33 47.80 094.33
10   1    25    25 46.75 092.10 46.20 099.22 -46.08 -93.15 47.92 094.57 46.42 094.22 46.53 096.50
10   1    26    26 46.87 089.33 45.85 095.95 46.13 091.12 -46.15 -93.00 46.58 090.78 46.48 092.78
10   1    27    27 46.75 088.45 45.60 094.42 45.97 089.57 46.15 091.77 46.00 089.17 45.83 091.08
10   1    28    28 47.40 087.70 46.88 093.55 46.82 089.05 47.92 091.53 47.08 089.25 46.98 091.17
10   1    29    29 43.27 079.03 43.00 083.42 43.20 078.58 42.80 080.50 42.93 076.43 43.50 078.75
10   1    30    30 44.22 076.48 44.12 080.50 44.23 079.10 45.00 077.95 44.13 072.83 44.50 077.00
10   1    31    31 43.63 079.47 43.55 083.92 43.85 079.15 43.72 081.05 44.08 076.72 -43.08 -79.00
10   1    32    32 44.20 076.97 -43.13 -80.03 -44.00 -76.07 -43.15 -78.13 44.42 074.00 -44.03 -75.08
10   1    33    33 44.10 077.58 -43.12 -81.00 -44.00 -77.02 -43.13 -79.08 44.53 075.08 44.38 077.85
10   1    34    34 42.90 078.92 42.87 083.57 42.68 078.78 42.15 080.47 42.98 076.75 43.33 078.83
10   1    35    35 42.37 082.92 42.53 087.33 42.48 082.05 42.28 085.28 42.55 082.00 42.88 082.83
10   1    36    36 42.62 082.53 42.80 086.92 42.97 081.88 42.60 085.10 42.82 081.75 43.25 082.75
10   1    37    37 45.27 081.65 44.30 084.92 44.52 081.57 44.32 084.42 44.80 080.37 44.83 081.50
10   1    38    38 45.30 086.98 44.37 091.92 45.17 086.15 44.48 090.45 44.58 087.67 44.57 089.57
10   1    39    39 46.48 084.63 46.10 089.45 46.13 088.02 46.07 088.63 46.20 085.70 46.10 087.57
10   1    40    1 42.05 082.88 42.15 081.63 42.03 083.53 42.02 082.90 42.00 082.90 -41.12 -82.12
10   1    41    2 42.23 082.35 42.38 080.78 42.25 082.45 42.12 082.42 42.08 082.37 42.00 082.08
10   1    42    3 42.37 081.30 42.53 080.35 42.33 081.98 42.50 081.87 42.48 081.87 42.32 081.75
10   1    43    4 42.37 080.03 42.87 078.73 42.33 080.65 42.68 080.15 42.67 080.18 42.55 080.08
10   1    44    5 44.75 083.57 44.47 081.75 44.75 084.33 44.35 082.90 44.32 082.90 44.27 083.00
10   1    45    6 44.03 083.47 44.03 081.72 44.03 084.22 44.07 083.60 44.03 083.57 -44.07 -83.12
10   1    46    7 44.95 083.72 44.62 081.97 44.92 084.47 44.50 083.15 44.47 083.13 44.63 083.13
10   1    47    8 45.55 085.10 45.18 084.08 -45.10 -85.03 -46.00 -84.07 -46.00 -84.08 -46.13 -84.10
10   1    48    9 45.88 080.03 46.00 079.93 45.63 080.68 45.83 081.05 45.80 081.05 45.72 081.38
10   1    49    10 45.80 084.03 45.48 081.83 45.72 084.68 46.08 082.73 46.05 082.72 45.92 083.82
10   1    50    11 45.70 081.97 45.57 079.52 45.67 082.60 -45.15 -81.05 -45.15 -81.05 -46.15 -81.08
10   1    51    12 45.67 083.68 45.33 081.35 45.55 084.25 -46.00 -82.13 -46.00 -82.13 -46.13 -83.00
10   1    52    13 44.45 085.38 44.15 083.55 44.45 086.00 44.22 084.87 44.20 084.92 44.08 085.25
10   1    53    14 44.33 085.28 43.93 083.52 44.37 085.88 44.02 084.88 44.00 084.90 43.82 085.25
10   1    54    15 43.42 084.85 43.47 083.97 43.43 085.55 43.33 084.90 43.30 084.93 42.92 085.12
10   1    55    16 42.58 084.75 42.77 084.52 42.55 085.63 42.72 085.08 42.70 085.08 42.18 085.12
10   1    56    17 42.43 085.12 42.53 084.82 42.25 085.77 42.50 085.22 42.50 085.18 42.00 085.18
10   1    57    18 42.63 086.08 42.62 085.63 42.63 086.80 42.52 086.03 42.52 086.03 42.08 086.15
10   1    58    19 43.83 087.15 44.00 085.67 43.82 087.85 44.28 086.35 44.30 086.33 44.18 086.88
10   1    59    20 45.50 086.67 45.30 084.00 45.52 087.18 45.60 085.25 45.55 085.22 45.63 085.45
10   1    60    21 48.33 084.92 47.70 083.47 48.22 085.63 47.95 084.97 47.92 084.93 47.92 085.00
10   1    61    22 46.42 084.60 46.30 082.58 46.40 085.27 47.30 084.37 -46.15 -84.02 -47.13 -84.03
10   1    62    23 47.37 088.57 46.68 086.35 47.42 089.17 48.28 088.63 48.27 088.68 48.27 088.73
10   1    63    24 47.22 089.78 46.38 087.05 47.12 090.50 48.05 089.42 48.07 089.37 48.13 089.40
10   1    64    25 46.10 091.53 45.65 089.47 45.97 092.23 46.80 092.17 46.78 092.18 46.73 092.17
10   1    65    26 46.22 088.78 45.77 087.13 46.15 089.42 46.88 089.42 46.92 089.40 46.92 089.32
10   1    66    27 45.72 087.62 45.45 086.05 45.72 088.38 46.83 088.63 46.83 088.67 46.82 088.73
10   1    67    28 46.62 087.60 46.23 085.75 46.57 088.22 45.58 088.05 47.58 088.05 47.73 088.13
10   1    68    29 43.42 078.25 43.52 077.48 43.35 079.00 43.27 079.07 43.23 079.07 43.27 079.00
10   1    69    30 44.45 075.87 44.78 074.90 44.40 076.50 44.17 076.72 44.15 076.72 44.27 076.50
10   1    70    31 43.80 078.70 43.80 077.52 43.85 079.55 43.67 079.52 43.63 079.53 -44.07 -79.08
10   1    71    32 44.57 076.27 44.80 075.35 44.58 077.00 44.12 077.25 44.13 077.23 -45.02 -77.02
10   1    72    33 44.65 076.72 44.70 075.63 44.78 077.48 44.05 077.77 44.05 077.78 44.08 077.57
10   1    73    34 42.97 078.37 43.13 077.52 42.97 079.08 42.88 078.98 42.88 078.98 42.73 080.65
10   1    74    35 42.88 082.62 42.77 081.27 42.80 083.25 42.62 082.77 42.63 082.70 42.68 082.63
10   1    75    36 43.08 082.38 42.87 080.88 43.02 083.07 42.82 082.28 42.82 082.22 43.00 082.13
10   1    76    37 44.97 081.25 45.08 079.55 44.92 082.02 45.40 080.83 45.42 080.83 45.08 081.65
10   1    77    38 44.73 086.58 44.70 084.63 44.75 087.25 45.08 085.52 45.07 085.52 45.08 086.07
10   1    78    39 45.90 085.03 45.77 082.93 45.88 085.72 46.42 084.33 46.40 084.32 46.45 084.88
