13   1     1    57 07 08 174 177 1 1 58 08 04 135 200 1 1
13   1     2    57 07 09 160 114 2 0 58 08 05 58 118 2 0
13   1     3    57 07 10 175 63 1 1 58 08 06 58 6 1 1
13   1     4    57 07 11 177 142 2 0 58 08 07 159 157 2 0
13   1     5    57 07 12 288 170 1 0 58 08 12 76 83 1 1
13   1     6    57 07 13 195 33 2 1 58 08 13 120 75 2 0
13   1     7    57 07 16 140 142 1 1 58 08 14 98 95 1 1
13   1     8    57 07 17 124 151 2 0 58 08 15 129 122 2 0
13   1     9    57 07 18 219 225 1 0 58 08 16 97 125 1 1
13   1    10    57 07 19 197 217 2 1 58 08 18 125 95 2 0
13   1    11    57 07 27 184 188 1 0 58 08 19 105 160 1 1
13   1    12    57 07 29 183 171 2 1 58 08 20 45 220 2 0
13   1    13    57 07 30 224 125 1 1 58 08 21 192 127 1 1
13   1    14    57 07 31 33 46 2 0 58 08 22 8 315 2 0
13   1    15    57 08 01 49 53 1 1 58 08 23 177 20 1 0
13   1    16    57 08 02 175 245 2 0 58 08 25 327 59 2 1
13   1    17    57 08 09 74 211 1 1 58 08 27 43 350 1 0
13   1    18    57 08 10 103 122 2 0 58 08 28 122 40 2 1
13   1    19    57 08 12 166 234 1 1 58 08 29 280 337 1 1
13   1    20    57 08 13 257 218 2 0 58 08 30 22 66 2 0
13   1    21    57 08 14 302 0 1 0 59 07 07 195 273 1 1
13   1    22    57 08 15 61 197 2 1 59 07 08 212 126 2 0
13   1    23    57 08 16 72 35 1 1 59 07 09 100 58 1 0
13   1    24    57 08 17 93 60 2 0 59 07 10 86 68 2 1
13   1    25    57 08 19 172 147 1 0 59 07 13 80 124 1 0
13   1    26    57 08 20 176 199 2 1 59 07 14 85 108 2 1
13   1    27    57 08 21 214 205 1 0 59 07 15 32 102 1 0
13   1    28    57 08 22 140 219 2 1 59 07 16 35 60 2 1
13   1    29    57 08 23 257 176 1 0 59 07 17 68 29 1 0
13   1    30    57 08 24 243 245 2 1 59 07 18 44 46 2 1
13   1    31    57 08 26 226 213 1 1 59 07 20 45 93 1 1
13   1    32    57 08 27 265 218 2 0 59 07 21 30 55 2 0
13   1    33    58 07 16 212 200 1 0 59 07 23 83 82 1 1
13   1    34    58 07 17 209 284 2 1 59 07 24 97 85 2 0
13   1    35    58 07 18 110 100 1 1 59 07 28 20 70 1 1
13   1    36    58 07 19 283 349 2 0 59 07 29 82 159 2 0
13   1    37    58 07 24 193 170 1 1 59 07 30 175 127 1 1
13   1    38    58 07 25 180 245 2 0 59 07 31 68 114 2 0
13   1    39    58 07 30 238 229 1 0 59 08 03 174 167 1 0
13   1    40    58 07 31 190 117 2 1 59 08 04 148 260 2 1
13   1    41    58 08 01 94 140 1 0 59 08 05 128 181 1 0
13   1    42    58 08 02 8 99 2 1 59 08 06 182 161 2 1
13   1    43    59 08 07 148 194 1 1 60 08 30 126 116 1 0
13   1    44    59 08 08 125 140 2 0 60 08 31 138 185 2 1
13   1    45    59 08 10 296 125 1 0 60 09 01 163 186 1 0
13   1    46    59 08 11 184 200 2 1 60 09 02 140 151 2 1
13   1    47    59 08 12 226 259 1 1 60 09 06 200 236 1 1
13   1    48    59 08 13 159 271 2 0 60 09 07 271 285 2 0
13   1    49    59 08 17 137 168 1 0 60 09 08 307 49 1 1
13   1    50    59 08 18 197 205 2 1 60 09 09 58 68 2 0
13   1    51    59 08 19 230 200 1 0 61 07 17 356 96 1 1
13   1    52    59 08 20 220 215 2 1 61 07 18 51 342 2 0
13   1    53    59 08 21 203 210 1 0 61 07 21 298 270 1 0
13   1    54    59 08 22 75 156 2 1 61 07 22 96 56 2 1
13   1    55    59 08 24 140 155 1 1 61 07 24 96 114 1 1
13   1    56    59 08 25 33 355 2 0 61 07 26 79 103 2 0
13   1    57    59 08 26 14 28 1 0 61 07 27 72 78 1 0
13   1    58    59 08 27 85 233 2 1 61 07 29 124 190 2 1
13   1    59    59 08 28 16 358 1 0 61 07 31 146 240 1 1
13   1    60    59 08 29 32 62 2 1 61 08 01 203 205 2 0
13   1    61    60 07 06 210 102 1 0 61 08 02 100 108 1 1
13   1    62    60 07 07 170 148 2 1 61 08 03 132 86 2 0
13   1    63    60 07 08 53 169 1 1 61 08 08 328 313 1 1
13   1    64    60 07 09 183 161 2 0 61 08 09 30 115 2 0
13   1    65    60 07 23 345 14 1 0 61 08 10 152 163 1 1
13   1    66    60 07 25 77 57 2 1 61 08 11 146 237 2 0
13   1    67    60 07 26 90 98 1 0 61 08 12 98 333 1 1
13   1    68    60 07 27 115 80 2 1 61 08 14 42 37 2 0
13   1    69    60 07 30 175 162 1 0 61 08 15 199 269 1 1
13   1    70    60 08 01 196 173 2 1 61 08 16 260 190 2 0
13   1    71    60 08 02 234 125 1 1 61 08 17 165 93 1 0
13   1    72    60 08 03 82 70 2 0 61 08 18 153 98 2 1
13   1    73    60 08 06 93 98 1 0 61 08 19 99 129 1 0
13   1    74    60 08 08 80 81 2 1 61 08 21 98 90 2 1
13   1    75    60 08 09 90 97 1 0 61 08 22 46 210 1 0
13   1    76    60 08 10 100 81 2 1 61 08 23 229 252 2 1
13   1    77    60 08 11 49 45 1 0 61 08 24 258 312 1 1
13   1    78    60 08 12 34 32 2 1 61 08 25 256 298 2 0
13   1    79    60 08 16 324 349 1 0 61 08 28 173 77 1 1
13   1    80    60 08 17 16 16 2 1 61 08 29 217 310 2 0
13   1    81    60 08 20 91 85 1 0 61 09 08 222 230 1 0
13   1    82    60 08 22 225 232 2 1 61 09 09 214 181 2 1
13   1    83    60 08 23 240 238 1 0 61 09 11 213 67 1 0
13   1    84    60 08 25 255 233 2 1 61 09 12 56 110 2 1
13   1    85    60 08 26 8 68 1 0 62 07 19 61 54 1 0
13   1    86    60 08 27 204 240 2 1 62 07 20 81 32 2 1
13   1    87    62 07 21 155 200 1 0 64 07 17 215 47 2 1
13   1    88    62 07 23 310 326 2 1 64 07 18 35 60 1 0
13   1    89    62 07 24 7 300 1 1 64 07 20 113 350 2 1
13   1    90    62 07 25 8 71 2 0 64 07 21 83 296 1 1
13   1    91    62 07 26 33 51 1 0 64 07 22 36 270 2 0
13   1    92    62 07 27 65 51 2 1 64 07 24 28 91 1 1
13   1    93    62 07 31 4 15 1 0 64 07 25 136 156 2 0
13   1    94    62 08 01 21 130 2 1 64 07 29 100 284 1 0
13   1    95    62 08 20 155 162 1 1 64 07 30 140 142 2 1
13   1    96    62 08 21 163 233 2 0 64 08 03 169 178 1 0
13   1    97    62 09 04 40 101 1 0 64 08 04 140 122 2 1
13   1    98    62 09 05 106 66 2 1 64 08 05 27 141 1 0
13   1    99    64 07 08 31 200 1 1 64 08 07 162 295 2 1
13   1   100    64 07 09 227 238 2 0 64 08 08 35 329 1 0
13   1   101    64 07 11 328 310 1 0 64 08 10 120 340 2 1
13   1   102    64 07 13 305 340 2 1 64 08 13 265 330 1 0
13   1   103    64 07 14 135 267 1 0 64 08 14 352 322 2 1
13   1   104    64 07 15 255 295 2 1 64 08 17 54 103 1 1
13   1   105    64 07 16 343 200 1 0 64 08 19 238 276 2 0
