14   1     1    0.000 0.218 0.000 0.218 0.000 0.215 0.000 0.215
14   1     2    0.000 0.215 0.000 0.215 0.000 0.215 0.000 0.215
14   1     3    0.000 0.215 0.000 0.215 0.000 0.212 0.000 0.212
14   1     4    0.000 0.212 0.000 0.212 0.000 0.212 0.000 0.210
14   1     5    0.000 0.210 0.000 0.210 0.000 0.207 0.000 0.207
14   1     6    0.000 0.207 0.000 0.207 0.000 0.207 0.000 0.205
14   1     7    0.000 0.205 0.000 0.205 0.000 0.202 0.000 0.202
14   1     8    0.000 0.202 0.000 0.202 0.000 0.202 0.000 0.200
14   1     9    0.000 0.200 0.000 0.200 0.000 0.200 0.000 0.200
14   1    10    0.000 0.200 0.000 0.200 0.000 0.197 0.000 0.197
14   1    11    0.000 0.197 0.000 0.197 0.000 0.195 0.000 0.195
14   1    12    0.000 0.195 0.000 0.195 0.000 0.195 0.000 0.218
14   1    13    0.000 0.192 0.000 0.192 0.000 0.192 0.000 0.192
14   1    14    0.000 0.192 0.000 0.190 0.000 0.190 0.000 0.190
14   1    15    0.000 0.190 0.000 0.187 0.000 0.187 0.000 0.187
14   1    16    0.000 0.187 0.000 0.187 0.000 0.187 0.000 0.187
14   1    17    0.000 0.187 0.000 0.187 0.000 0.187 0.000 0.185
14   1    18    0.000 0.185 0.000 0.185 0.000 0.185 0.000 0.185
14   1    19    0.000 0.185 0.000 0.185 0.000 0.185 0.000 0.185
14   1    20    0.000 0.185 0.000 0.182 0.000 0.182 0.000 0.182
14   1    21    0.000 0.182 0.000 0.182 0.000 0.182 0.000 0.182
14   1    22    0.000 0.180 0.000 0.180 0.000 0.178 0.000 0.178
14   1    23    0.000 0.180 0.030 0.180 0.000 0.178 0.030 0.178
14   1    24    0.030 0.175 0.000 0.175 0.030 0.175 0.070 0.175
14   1    25    0.130 0.175 0.070 0.175 0.070 0.175 0.030 0.175
14   1    26    0.100 0.178 0.000 0.178 0.030 0.178 0.070 0.178
14   1    27    0.240 0.178 0.100 0.180 0.000 0.180 0.000 0.180
14   1    28    0.000 0.180 0.000 0.180 0.000 0.180 0.000 0.180
14   1    29    0.000 0.180 0.000 0.180 0.000 0.180 0.100 0.180
14   1    30    0.000 0.180 0.100 0.180 0.100 0.180 0.050 0.180
14   1    31    0.000 0.180 0.000 0.180 0.000 0.180 0.000 0.180
14   1    32    0.000 0.180 0.000 0.178 0.000 0.178 0.050 0.178
14   1    33    0.000 0.178 0.000 0.178 0.000 0.178 0.050 0.178
14   1    34    0.000 0.175 0.050 0.175 0.150 0.175 0.100 0.175
14   1    35    0.100 0.175 0.200 0.175 0.100 0.175 0.000 0.178
14   1    36    0.050 0.178 0.100 0.178 0.000 0.178 0.000 0.180
14   1    37    0.100 0.180 0.100 0.182 0.050 0.182 0.000 0.182
14   1    38    0.000 0.182 0.000 0.182 0.000 0.182 0.000 0.182
14   1    39    0.150 0.182 0.050 0.182 0.100 0.182 0.150 0.182
14   1    40    0.100 0.182 0.050 0.182 0.050 0.182 0.000 0.182
14   1    41    0.000 0.182 0.000 0.182 0.000 0.185 0.000 0.185
14   1    42    0.000 0.185 0.000 0.185 0.000 0.185 0.000 0.185
14   1    43    0.000 0.185 0.000 0.185 0.000 0.185 0.000 0.182
14   1    44    0.050 0.182 0.050 0.182 0.000 0.182 0.000 0.182
14   1    45    0.000 0.180 0.000 0.180 0.000 0.180 0.050 0.180
14   1    46    0.050 0.180 0.050 0.180 0.000 0.180 0.000 0.180
14   1    47    0.050 0.180 0.000 0.180 0.050 0.180 0.000 0.180
14   1    48    0.050 0.180 0.000 0.180 0.000 0.180 0.000 0.180
14   1    49    0.000 0.180 0.000 0.178 0.000 0.178 0.000 0.178
14   1    50    0.050 0.178 0.100 0.178 0.000 0.178 0.100 0.178
14   1    51    0.000 0.178 0.000 0.178 0.000 0.178 0.000 0.178
14   1    52    0.000 0.178 0.150 0.178 0.050 0.178 0.000 0.178
14   1    53    0.000 0.178 0.000 0.175 0.050 0.175 0.000 0.175
14   1    54    0.000 0.175 0.000 0.175 0.000 0.175 0.000 0.175
14   1    55    0.000 0.175 0.000 0.175 0.000 0.173 0.000 0.173
14   1    56    0.050 0.173 0.000 0.173 0.000 0.173 0.000 0.171
14   1    57    0.000 0.171 0.000 0.171 0.000 0.171 0.000 0.171
14   1    58    0.000 0.169 0.000 0.169 0.000 0.169 0.000 0.169
14   1    59    0.000 0.169 0.000 0.169 0.000 0.169 0.000 0.169
14   1    60    0.000 0.169 0.000 0.166 0.000 0.166 0.000 0.166
14   1    61    0.000 0.166 0.000 0.166 0.000 0.166 0.000 0.166
14   1    62    0.000 0.166 0.000 0.166 0.000 0.166 0.000 0.166
14   1    63    0.000 0.166 0.000 0.166 0.000 0.166 0.000 0.166
14   1    64    0.000 0.166 0.000 0.166 0.000 0.166 0.000 0.166
14   1    65    0.000 0.166 0.000 0.166 0.040 0.166 0.000 0.166
14   1    66    0.040 0.166 0.000 0.166 0.040 0.166 0.000 0.166
14   1    67    0.000 0.166 0.000 0.166 0.000 0.166 0.000 0.166
14   1    68    0.000 0.166 0.000 0.166 0.000 0.166 0.000 0.166
14   1    69    0.000 0.166 0.000 0.166 0.000 0.166 0.000 0.166
14   1    70    0.000 0.166 0.000 0.166 0.000 0.164 0.160 0.164
14   1    71    0.040 0.164 0.000 0.164 0.000 0.166 0.360 0.166
14   1    72    0.200 0.166 0.000 0.166 0.200 0.173 1.360 0.182
14   1    73    0.720 0.187 0.240 0.192 0.320 0.197 0.920 0.215
14   1    74    0.880 0.231 0.240 0.243 0.480 0.255 1.200 0.286
14   1    75    1.120 0.299 0.800 0.326 0.680 0.374 0.840 0.411
14   1    76    0.680 0.462 0.200 0.514 0.240 0.564 0.280 0.600
14   1    77    0.280 0.662 0.040 0.739 0.000 0.784 0.040 0.803
14   1    78    0.000 0.810 0.000 0.797 0.000 0.777 0.000 0.758
14   1    79    0.000 0.733 0.000 0.709 0.000 0.685 0.000 0.650
14   1    80    0.000 0.617 0.000 0.590 0.000 0.574 0.000 0.553
14   1    81    0.000 0.543 0.000 0.518 0.000 0.499 0.000 0.485
14   1    82    0.000 0.476 0.000 0.462 0.000 0.453 0.000 0.440
14   1    83    0.000 0.436 0.000 0.432 0.000 0.427 0.000 0.419
14   1    84    0.000 0.398 0.000 0.390 0.000 0.386 0.000 0.382
14   1    85    0.000 0.374 0.000 0.371 0.080 0.367 0.040 0.363
14   1    86    0.000 0.359 0.000 0.355 0.040 0.352 0.040 0.348
14   1    87    0.000 0.341 0.000 0.326 0.000 0.326 0.000 0.326
14   1    88    0.000 0.326 0.000 0.323 0.000 0.323 0.000 0.319
14   1    89    0.000 0.319 0.000 0.316 0.000 0.316 0.000 0.312
14   1    90    0.000 0.312 0.000 0.309 0.000 0.309 0.000 0.305
14   1    91    0.000 0.305 0.000 0.302 0.000 0.302 0.000 0.299
14   1    92    0.000 0.299 0.000 0.295 0.000 0.295 0.000 0.295
14   1    93    0.000 0.292 0.000 0.292 0.000 0.289 0.080 0.289
14   1    94    0.000 0.289 0.000 0.286 0.040 0.286 0.040 0.286
14   1    95    0.000 0.286 0.000 0.282 0.080 0.282 0.000 0.282
14   1    96    0.000 0.282 0.040 0.282 0.000 0.279 0.040 0.279
14   1    97    0.120 0.279 0.400 0.282 0.560 0.286 0.800 0.289
14   1    98    0.760 0.295 1.240 0.305 1.280 0.323 1.200 0.359
14   1    99    0.960 0.406 0.560 0.476 0.760 0.553 0.480 0.667
14   1   100    0.200 0.987 0.360 1.322 0.200 1.427 0.480 1.506
14   1   101    1.080 1.547 1.120 1.610 0.880 1.674 1.240 1.786
14   1   102    1.120 2.036 1.480 2.405 1.600 2.966 1.600 3.511
14   1   103    1.360 4.161 1.160 4.793 0.960 5.289 1.360 5.656
14   1   104    2.200 6.018 0.840 6.719 1.160 7.236 0.600 7.351
14   1   105    0.640 7.122 0.480 6.610 0.200 6.247 0.080 5.795
14   1   106    0.000 5.346 0.080 4.991 0.000 4.582 0.000 4.194
14   1   107    0.000 3.937 0.000 3.689 0.000 3.496 0.080 3.380
14   1   108    0.040 3.210 0.000 3.087 0.000 2.993 0.000 2.888
14   1   109    0.000 2.803 0.000 2.696 0.000 2.577 0.000 2.476
14   1   110    0.000 2.391 0.000 2.336 0.000 2.269 0.040 2.202
14   1   111    0.000 2.163 0.080 2.111 0.000 2.061 0.040 2.036
14   1   112    0.000 2.011 0.000 1.986 0.200 1.914 0.040 1.902
14   1   113    0.160 1.890 0.120 1.855 0.200 1.820 0.160 1.809
14   1   114    0.120 1.786 0.200 1.763 0.080 1.741 0.040 1.718
14   1   115    0.040 1.696 0.040 1.664 0.080 1.642 0.040 1.621
14   1   116    0.000 1.599 0.000 1.578 0.040 1.568 0.040 1.537
14   1   117    0.000 1.517 0.000 1.496 0.000 1.486 0.040 1.466
14   1   118    0.040 1.466 0.200 1.456 0.320 1.447 0.160 1.427
14   1   119    0.320 1.437 0.160 1.456 0.080 1.486 0.120 1.496
14   1   120    0.160 1.506 0.040 1.506 0.040 1.506 0.200 1.517
14   1   121    0.160 1.517 0.240 1.517 0.520 1.517 0.440 1.527
14   1   122    0.360 1.547 0.320 1.558 0.080 1.589 0.080 1.621
14   1   123    0.160 1.653 0.120 1.674 0.040 1.674 0.040 1.664
14   1   124    0.160 1.642 0.120 1.621 0.200 1.599 0.080 1.578
14   1   125    0.120 1.558 0.120 1.547 0.120 1.537 0.080 1.527
14   1   126    0.040 1.517 0.000 1.506 0.120 1.496 0.000 1.486
14   1   127    0.120 1.476 0.080 1.466 0.000 1.456 0.160 1.447
14   1   128    0.000 1.417 0.120 1.417 0.000 1.398 0.040 1.388
14   1   129    0.000 1.388 0.160 1.379 0.320 1.369 0.160 1.360
14   1   130    0.400 1.360 0.880 1.388 0.560 1.437 0.760 1.578
14   1   131    0.520 1.786 0.920 2.036 0.600 2.336 0.720 2.726
14   1   132    0.880 3.020 0.520 3.238 0.200 3.309 0.080 3.309
14   1   133    0.040 3.266 0.040 3.183 0.160 3.073 0.120 2.980
14   1   134    0.160 2.875 0.280 2.788 0.080 2.711 0.440 2.681
14   1   135    0.320 2.636 0.480 2.636 0.440 2.636 0.960 2.666
14   1   136    1.480 2.819 3.080 3.073 2.080 3.766 2.240 5.480
14   1   137    2.680 8.093 2.760 10.738 2.160 12.656 1.280 13.791
14   1   138    1.480 14.242 1.280 14.033 1.360 13.757 1.680 13.895
14   1   139    1.280 14.137 1.200 14.666 0.800 14.773 0.480 14.701
14   1   140    0.200 13.860 0.000 12.623 0.000 11.796 0.040 10.974
14   1   141    0.000 10.104 0.000 9.685 0.240 9.064 0.640 8.673
14   1   142    0.080 8.317 0.000 7.898 0.120 7.633 0.160 7.259
14   1   143    0.000 7.076 0.000 6.896 0.000 6.610 0.000 6.395
14   1   144    0.000 6.184 0.040 5.998 0.000 5.775 0.000 5.617
14   1   145    0.000 5.499 0.000 5.289 0.000 5.157 0.040 5.064
14   1   146    0.080 5.009 0.040 4.828 0.000 4.722 0.000 4.634
14   1   147    0.000 4.547 0.000 4.411 0.000 4.327 0.000 4.227
14   1   148    0.120 4.161 0.080 4.064 0.040 4.016 0.240 3.968
14   1   149    0.200 3.968 0.200 3.937 0.000 3.890 0.000 3.843
14   1   150    0.120 3.781 0.000 3.705 0.200 3.629 0.000 3.584
14   1   151    0.000 3.540 0.000 3.481 0.000 3.438 0.000 3.409
14   1   152    0.000 3.380 0.000 3.280 0.000 3.238 0.000 3.197
14   1   153    0.000 3.155 0.000 3.128 0.000 3.087 0.000 3.073
14   1   154    0.000 3.046 0.000 3.020 0.000 2.966 0.000 2.940
14   1   155    0.000 2.901 0.000 2.875 0.000 2.850 0.000 2.819
14   1   156    0.000 2.772 0.000 2.726 0.000 2.711 0.000 2.666
14   1   157    0.000 2.606 0.000 2.577 0.040 2.533 0.000 2.490
14   1   158    0.040 2.462 0.050 2.433 0.000 2.405 0.050 2.378
14   1   159    0.150 2.364 0.100 2.350 0.000 2.350 0.050 2.336
14   1   160    0.000 2.323 0.000 2.282 0.050 2.255 0.000 2.229
14   1   161    0.000 2.202 0.000 2.176 0.000 2.150 0.000 2.137
14   1   162    0.000 2.111 0.000 2.099 0.000 2.073 0.000 2.048
14   1   163    0.000 2.036 0.000 2.023 0.000 2.011 0.000 1.999
14   1   164    0.050 1.986 0.000 1.926 0.000 1.914 0.000 1.890
14   1   165    0.000 1.878 0.000 1.867 0.000 1.843 0.000 1.832
14   1   166    0.000 1.820 0.000 1.797 0.000 1.786 0.000 1.774
14   1   167    0.000 1.763 0.000 1.752 0.000 1.730 0.000 1.730
14   1   168    0.000 1.718 0.000 1.696 0.000 1.685 0.000 1.674
14   1   169    0.000 1.664 0.000 1.642 0.000 1.631 0.000 1.621
14   1   170    0.000 1.610 0.050 1.599 0.050 1.589 0.000 1.589
14   1   171    0.000 1.578 0.050 1.568 0.000 1.568 0.050 1.558
14   1   172    0.000 1.547 0.000 1.537 0.000 1.527 0.000 1.517
14   1   173    0.000 1.506 0.000 1.496 0.000 1.486 0.000 1.486
14   1   174    0.000 1.476 0.000 1.466 0.000 1.466 0.000 1.456
14   1   175    0.000 1.447 0.000 1.427 0.000 1.417 0.000 1.408
14   1   176    0.000 1.398 0.000 1.388 0.000 1.388 0.000 1.379
14   1   177    0.000 1.369 0.050 1.369 0.000 1.360 0.000 1.350
14   1   178    0.000 1.341 0.000 1.341 0.000 1.332 0.000 1.322
14   1   179    0.000 1.322 0.000 1.313 0.000 1.304 0.000 1.304
14   1   180    0.000 1.295 0.000 1.286 0.000 1.286 0.000 1.277
14   1   181    0.000 1.268 0.000 1.268 0.000 1.259 0.050 1.259
14   1   182    0.000 1.250 0.000 1.250 0.050 1.241 0.050 1.232
14   1   183    0.050 1.232 0.000 1.223 0.050 1.223 0.000 1.223
14   1   184    0.000 1.215 0.000 1.215 0.050 1.206 0.000 1.189
14   1   185    0.000 1.171 0.000 1.163 0.000 1.155 0.000 1.146
14   1   186    0.000 1.146 0.000 1.138 0.000 1.129 0.000 1.129
14   1   187    0.000 1.121 0.000 1.113 0.000 1.105 0.000 1.105
14   1   188    0.000 1.097 0.000 1.088 0.000 1.088 0.000 1.080
14   1   189    0.000 1.072 0.000 1.064 0.000 1.056 0.000 1.048
14   1   190    0.000 1.048 0.000 1.041 0.000 1.033 0.000 1.033
14   1   191    0.000 1.033 0.000 1.033 0.000 1.025 0.000 1.025
14   1   192    0.000 1.025 0.000 1.017 0.000 1.017 0.000 1.017
14   1   193    0.000 1.010 0.000 1.010 0.000 0.871 0.000 1.002
14   1   194    0.000 0.994 0.000 0.994 0.050 0.987 0.000 0.964
14   1   195    0.000 0.957 0.050 0.957 0.080 0.957 0.000 0.949
14   1   196    0.000 0.949 0.000 0.949 0.000 0.942 0.000 0.942
14   1   197    0.000 0.935 0.000 0.935 0.000 0.927 0.000 0.920
14   1   198    0.000 0.920 0.000 0.913 0.000 0.913 0.000 0.906
14   1   199    0.000 0.899 0.000 0.899 0.000 0.892 0.000 0.885
14   1   200    0.000 0.885 0.000 0.878 0.000 0.871 0.000 0.871
14   1   201    0.000 0.864 0.000 0.864 0.000 0.857 0.000 0.857
14   1   202    0.000 0.857 0.000 0.850 0.000 0.850 0.000 0.843
14   1   203    0.000 0.843 0.000 0.843 0.000 0.843 0.000 0.836
14   1   204    0.000 0.836 0.000 0.836 0.000 0.830 0.000 0.830
14   1   205    0.000 0.823 0.000 0.823 0.000 0.823 0.000 0.816
14   1   206    0.000 0.816 0.000 0.810 0.040 0.810 0.000 0.810
14   1   207    0.000 0.810 0.040 0.810 0.000 0.810 0.000 0.810
14   1   208    0.000 0.810 0.000 0.803 0.000 0.803 0.000 0.803
14   1   209    0.000 0.803 0.000 0.797 0.000 0.797 0.000 0.797
14   1   210    0.000 0.797 0.000 0.790 0.000 0.790 0.040 0.790
14   1   211    0.040 0.790 0.200 0.797 0.320 0.803 0.400 0.823
14   1   212    0.600 0.836 0.600 0.864 0.720 0.906 0.600 0.949
14   1   213    0.600 0.987 0.360 1.056 0.520 1.121 0.480 1.189
14   1   214    0.360 1.268 0.440 1.322 0.120 1.369 0.280 1.398
14   1   215    0.040 1.398 0.080 1.398 0.040 1.388 0.120 1.369
14   1   216    0.080 1.341 0.080 1.322 0.080 1.304 0.080 1.286
14   1   217    0.080 1.277 0.120 1.268 0.120 1.259 0.120 1.241
14   1   218    0.080 1.232 0.080 1.223 0.040 1.215 0.080 1.215
14   1   219    0.120 1.215 0.080 1.215 0.160 1.215 0.120 1.223
14   1   220    0.040 1.241 0.120 1.259 0.160 1.277 0.360 1.304
14   1   221    1.480 1.379 2.120 1.517 2.040 1.797 0.600 2.163
14   1   222    0.520 2.666 0.040 3.073 0.040 3.128 0.040 3.060
14   1   223    0.000 2.953 0.080 2.834 0.480 2.696 0.360 2.504
14   1   224    0.040 2.378 0.000 2.323 0.000 2.229 0.000 2.150
14   1   225    0.040 2.086 0.000 2.023 0.000 1.938 0.000 1.890
14   1   226    0.000 1.855 0.000 1.820 0.000 1.786 0.200 1.763
14   1   227    1.160 1.741 0.480 1.752 0.240 1.774 0.080 1.797
14   1   228    0.000 1.855 0.040 1.878 0.120 1.890 0.240 1.890
14   1   229    0.040 1.878 0.000 1.855 0.000 1.843 0.040 1.820
14   1   230    0.040 1.809 0.640 1.797 1.520 1.832 0.680 1.902
14   1   231    0.120 1.999 0.280 2.215 0.680 2.364 0.800 2.462
14   1   232    0.120 2.577 0.000 2.651 0.040 2.696 0.000 2.681
14   1   233    0.000 2.592 0.000 2.533 0.880 2.462 0.120 2.433
14   1   234    0.840 2.419 0.760 2.433 0.480 2.533 0.520 2.666
14   1   235    0.360 2.862 0.320 3.020 0.560 3.155 0.120 3.252
14   1   236    0.280 3.280 0.240 3.280 0.040 3.266 0.160 3.238
14   1   237    0.320 3.210 0.240 3.169 0.360 3.141 0.160 3.114
14   1   238    0.200 3.100 0.240 3.100 0.040 3.087 0.000 3.073
14   1   239    0.040 3.060 0.000 3.033 0.000 2.980 0.000 2.927
14   1   240    0.000 2.888 0.000 2.862 0.000 2.834 0.000 2.788
14   1   241    0.000 2.741 0.000 2.711 0.000 2.666 0.000 2.621
14   1   242    0.000 2.592 0.000 2.548 0.000 2.519 0.000 2.490
14   1   243    0.000 2.462 0.000 2.448 0.000 2.419 0.000 2.391
14   1   244    0.000 2.378 0.360 2.364 0.520 2.364 0.200 2.364
14   1   245    0.000 2.364 0.080 2.378 0.040 2.364 0.000 2.364
14   1   246    0.040 2.350 0.200 2.336 0.240 2.336 0.240 2.336
14   1   247    0.480 2.336 0.680 2.350 0.440 2.391 1.240 2.490
14   1   248    1.040 2.636 0.720 2.803 0.240 2.914 0.120 3.006
14   1   249    0.030 3.046 0.200 3.060 0.570 3.046 0.730 3.033
14   1   250    0.730 3.033 0.530 3.073 0.170 3.128 0.570 3.183
14   1   251    0.530 3.309 0.330 3.423 0.070 3.584 0.100 3.720
14   1   252    0.030 3.750 0.130 3.674 0.000 3.599 0.000 3.511
14   1   253    0.170 3.438 0.530 3.394 0.030 3.351 0.000 3.337
14   1   254    0.000 3.366 0.000 3.394 0.000 3.366 0.170 3.266
14   1   255    0.200 3.224 0.130 3.183 0.000 3.141 0.000 3.128
14   1   256    0.000 3.087 0.000 3.060 0.000 3.033 0.000 2.980
14   1   257    0.000 2.940 0.000 2.901 0.000 2.875 0.000 2.862
14   1   258    0.000 2.834 0.000 2.819 0.000 2.788 0.000 2.772
14   1   259    0.000 2.726 0.000 2.711 0.030 2.696 0.000 2.681
14   1   260    0.030 2.651 0.000 2.621 0.000 2.606 0.000 2.577
14   1   261    0.000 2.548 0.000 2.519 0.000 2.504 0.000 2.490
14   1   262    0.000 2.462 0.000 2.433 0.000 2.419 0.000 2.391
14   1   263    0.000 2.378 0.000 2.364 0.000 2.350 0.000 2.336
14   1   264    0.000 2.336 0.000 2.323 0.000 2.295 0.030 2.269
14   1   265    0.000 2.255 0.000 2.229 0.000 2.215 0.000 2.202
14   1   266    0.030 2.189 0.000 2.176 0.000 2.163 0.100 2.150
14   1   267    0.070 2.137 0.030 2.124 0.000 2.111 0.030 2.099
14   1   268    0.030 2.086 0.000 2.061 0.030 2.048 0.000 2.048
14   1   269    0.000 2.036 0.000 2.023 0.000 2.023 0.000 2.011
14   1   270    0.030 1.999 0.000 1.950 0.000 1.938 0.000 1.914
14   1   271    0.000 1.902 0.070 1.890 0.030 1.878 0.000 1.867
14   1   272    0.000 1.855 0.000 1.843 0.000 1.832 0.000 1.820
14   1   273    0.000 1.809 0.000 1.797 0.000 1.786 0.000 1.774
14   1   274    0.000 1.763 0.000 1.752 0.000 1.741 0.000 1.730
14   1   275    0.000 1.730 0.000 1.718 0.000 1.707 0.000 1.696
14   1   276    0.000 1.674 0.000 1.664 0.000 1.653 0.000 1.642
14   1   277    0.000 1.631 0.000 1.621 0.000 1.610 0.000 1.599
14   1   278    0.000 1.589 0.000 1.568 0.000 1.568 0.000 1.558
14   1   279    0.000 1.558 0.000 1.547 0.000 1.537 0.000 1.527
14   1   280    0.000 1.527 0.000 1.517 0.000 1.506 0.000 1.506
14   1   281    0.000 1.496 0.000 1.486 0.000 1.476 0.000 1.476
14   1   282    0.000 1.466 0.000 1.456 0.000 1.456 0.000 1.447
14   1   283    0.000 1.417 0.000 1.417 0.000 1.408 0.000 1.398
14   1   284    0.000 1.388 0.000 1.379 0.000 1.369 0.000 1.360
14   1   285    0.000 1.350 0.000 1.341 0.000 1.332 0.000 1.332
14   1   286    0.000 1.322 0.000 1.313 0.000 1.304 0.000 1.304
14   1   287    0.000 1.295 0.000 1.286 0.000 1.286 0.000 1.277
14   1   288    0.000 1.277 0.000 1.268 0.000 1.268 0.000 1.259
14   1   289    0.000 1.259 0.000 1.250 0.000 1.250 0.000 1.241
14   1   290    0.000 1.241 0.000 1.232 0.000 1.232 0.000 1.223
14   1   291    0.000 1.223 0.030 1.223 0.000 1.223 0.000 1.215
14   1   292    0.000 1.215 0.000 1.215 0.000 1.206 0.030 1.206
14   1   293    0.000 1.197 0.030 1.171 0.200 1.171 0.130 1.171
14   1   294    0.100 1.171 0.130 1.171 0.100 1.171 0.170 1.171
14   1   295    0.000 1.171 0.000 1.180 0.000 1.180 0.000 1.180
14   1   296    0.070 1.180 0.300 1.171 0.200 1.163 0.070 1.163
14   1   297    0.000 1.163 0.000 1.155 0.000 1.155 0.000 1.155
14   1   298    0.000 1.146 0.000 1.138 0.000 1.138 0.000 1.129
14   1   299    0.000 1.121 0.000 1.113 0.000 1.105 0.000 1.097
14   1   300    0.000 1.088 0.000 1.088 0.000 1.080 0.000 1.072
14   1   301    0.000 1.064 0.000 1.048 0.000 1.048 0.000 1.041
14   1   302    0.000 1.033 0.000 1.033 0.000 1.033 0.000 1.025
14   1   303    0.030 1.025 0.030 1.025 0.000 1.025 0.000 1.017
14   1   304    0.000 1.017 0.000 1.017 0.000 1.017 0.000 1.010
14   1   305    0.000 1.010 0.000 1.010 0.000 1.002 0.000 1.002
14   1   306    0.000 0.994 0.000 0.987 0.000 0.972 0.000 0.964
14   1   307    0.000 0.957 0.000 0.957 0.000 0.957 0.070 0.949
14   1   308    0.000 0.949 0.000 0.949 0.000 0.942 0.000 0.942
14   1   309    0.000 0.942 0.000 0.935 0.000 0.935 0.000 0.927
14   1   310    0.000 0.927 0.000 0.920 0.000 0.920 0.000 0.913
14   1   311    0.000 0.913 0.000 0.913 0.000 0.906 0.000 0.906
14   1   312    0.000 0.899 0.000 0.892 0.000 0.892 0.000 0.885
14   1   313    0.000 0.885 0.000 0.878 0.000 0.878 0.000 0.871
14   1   314    0.000 0.871 0.000 0.871 0.000 0.864 0.000 0.864
14   1   315    0.000 0.864 0.000 0.857 0.000 0.857 0.000 0.857
14   1   316    0.000 0.857 0.000 0.850 0.000 0.850 0.030 0.850
14   1   317    0.030 0.850 0.000 0.843 0.000 0.843 0.030 0.843
14   1   318    0.000 0.843 0.030 0.843 0.030 0.843 0.000 0.843
14   1   319    0.130 0.843 0.070 0.843 0.100 0.843 0.170 0.843
14   1   320    0.200 0.843 0.200 0.843 0.430 0.850 0.770 0.857
14   1   321    0.900 0.878 0.800 0.913 0.500 0.949 0.630 0.987
14   1   322    0.330 1.048 0.070 1.097 0.000 1.129 0.000 1.163
14   1   323    0.000 1.180 0.000 1.189 0.000 1.180 0.030 1.146
14   1   324    0.000 1.121 0.000 1.105 0.000 1.088 0.000 1.056
14   1   325    0.000 1.041 0.000 1.025 0.030 1.017 0.030 1.010
14   1   326    0.100 1.010 0.170 1.002 0.130 1.002 0.100 0.994
14   1   327    0.030 0.987 0.030 0.964 0.000 0.950 0.000 0.949
14   1   328    0.000 0.949 0.000 0.942 0.000 0.935 0.000 0.927
14   1   329    0.000 0.920 0.000 0.913 0.000 0.906 0.000 0.892
14   1   330    0.000 0.885 0.000 0.885 0.000 0.878 0.000 0.871
14   1   331    0.000 0.871 0.000 0.864 0.000 0.857 0.000 0.857
14   1   332    0.000 0.850 0.000 0.850 0.000 0.843 0.000 0.843
14   1   333    0.000 0.843 0.000 0.843 0.000 0.836 0.000 0.836
14   1   334    0.000 0.836 0.000 0.830 0.000 0.830 0.000 0.823
14   1   335    0.100 0.823 0.070 0.823 0.300 0.823 0.370 0.823
14   1   336    0.330 0.830 0.370 0.836 0.600 0.857 0.330 0.871
14   1   337    0.030 0.899 0.130 0.920 0.100 0.942 0.070 0.949
14   1   338    0.200 0.957 0.400 0.964 0.230 0.964 0.200 0.964
14   1   339    0.030 0.964 0.170 0.972 0.200 0.972 0.200 1.010
14   1   340    0.200 1.025 0.030 1.056 0.200 1.072 0.170 1.080
14   1   341    0.070 1.088 0.100 1.097 0.100 1.097 0.170 1.097
14   1   342    0.170 1.097 0.170 1.105 0.030 1.113 0.570 1.121
14   1   343    0.300 1.138 0.230 1.163 0.200 1.180 0.800 1.215
14   1   344    0.470 1.277 0.730 1.360 0.600 1.447 0.600 1.537
14   1   345    0.730 1.653 1.070 1.797 0.530 1.962 0.200 2.150
14   1   346    0.200 2.282 0.230 2.364 0.000 2.391 0.000 2.364
14   1   347    0.000 2.323 0.000 2.255 0.000 2.163 0.000 2.086
14   1   348    0.000 2.036 0.000 1.926 0.000 1.878 0.000 1.820
14   1   349    0.000 1.774 0.230 1.752 0.000 1.707 0.000 1.674
14   1   350    0.000 1.653 0.030 1.631 0.070 1.599 0.470 1.589
14   1   351    0.000 1.578 0.100 1.568 0.000 1.547 0.000 1.537
14   1   352    0.170 1.527 0.070 1.517 0.030 1.506 0.230 1.496
14   1   353    0.270 1.496 0.170 1.496 0.670 1.496 0.500 1.517
14   1   354    0.070 1.547 0.330 1.568 0.000 1.589 0.000 1.599
14   1   355    0.030 1.599 0.030 1.599 0.100 1.599 0.030 1.599
14   1   356    0.000 1.599 0.070 1.589 0.100 1.578 0.000 1.568
14   1   357    0.230 1.568 0.230 1.558 0.000 1.558 0.000 1.547
14   1   358    0.000 1.547 0.230 1.537 0.570 1.558 1.000 1.589
14   1   359    1.070 1.674 1.030 1.797 1.300 1.986 1.100 2.378
14   1   360    1.330 3.006 2.000 3.781 1.200 4.739 1.300 5.896
14   1   361    0.630 6.523 1.200 6.829 1.870 7.515 2.630 9.011
14   1   362    2.600 11.274 1.560 14.068 1.200 15.722 1.200 15.946
14   1   363    1.120 15.279 0.400 14.737 0.600 13.791 1.280 12.591
14   1   364    0.160 12.142 0.000 11.859 0.000 10.885 0.000 10.047
14   1   365    0.040 9.548 0.160 8.802 0.000 8.418 0.080 7.946
14   1   366    0.000 7.705 0.000 7.305 0.000 7.144 0.000 6.874
14   1   367    0.160 6.697 0.680 6.588 0.520 6.588 1.040 6.763
14   1   368    0.640 6.896 0.320 6.941 0.080 6.829 0.040 6.653
14   1   369    0.000 6.373 0.000 6.184 0.440 6.080 0.280 6.059
14   1   370    0.040 5.896 0.000 5.735 0.000 5.617 0.000 5.441
14   1   371    0.000 5.308 0.000 5.176 0.000 5.101 0.000 5.046
14   1   372    0.240 4.918 0.320 4.900 0.000 4.828 0.040 4.757
14   1   373    0.040 4.687 0.000 4.617 0.000 4.530 0.000 4.428
14   1   374    0.000 4.343 0.000 4.277 0.000 4.227 0.000 4.178
14   1   375    0.040 4.096 0.120 4.048 0.080 4.016 0.040 3.984
14   1   376    0.400 3.937 0.520 3.937 0.200 3.953 0.120 3.968
14   1   377    0.120 3.968 0.040 3.953 0.000 3.905 0.200 3.858
14   1   378    0.440 3.827 0.880 3.874 0.760 4.000 0.440 4.129
14   1   379    0.200 4.161 0.000 4.113 0.000 4.032 0.000 3.905
14   1   380    0.080 3.843 0.560 3.827 0.920 3.890 1.240 4.113
14   1   381    0.480 4.377 0.360 4.530 0.240 4.599 0.760 4.651
14   1   382    0.440 4.775 0.440 4.882 0.120 4.936 0.480 4.918
14   1   383    0.680 4.973 0.560 5.083 0.360 5.289 0.040 5.441
14   1   384    0.200 5.461 0.240 5.365 0.280 5.365 0.120 5.346
14   1   385    0.000 5.251 0.000 5.120 0.000 5.064 0.000 4.864
14   1   386    0.000 4.739 0.120 4.651 0.080 4.582 0.120 4.496
14   1   387    0.280 4.479 0.080 4.462 0.000 4.445 0.000 4.411
14   1   388    0.000 4.377 0.000 4.360 0.000 4.327 0.080 4.277
14   1   389    0.120 4.260 0.200 4.227 0.040 4.211 0.040 4.129
14   1   390    0.000 4.064 0.000 4.032 0.000 3.968 0.080 3.921
14   1   391    0.200 3.890 0.040 3.874 0.000 3.858 0.000 3.827
14   1   392    0.000 3.796 0.000 3.766 0.040 3.689 0.000 3.659
14   1   393    0.120 3.629 0.080 3.614 0.040 3.584 0.160 3.570
14   1   394    0.000 3.555 0.040 3.525 0.200 3.511 0.440 3.496
14   1   395    0.600 3.511 0.400 3.570 0.480 3.659 0.400 3.750
14   1   396    0.440 3.874 1.040 4.096 1.960 4.582 2.600 5.916
14   1   397    2.800 8.443 2.040 11.672 0.600 13.283 0.200 13.485
14   1   398    0.320 12.429 0.560 11.580 0.560 10.562 0.240 10.504
14   1   399    0.480 10.019 0.360 9.851 0.240 9.575 0.320 9.038
14   1   400    0.560 8.932 0.200 8.570 0.200 8.342 0.480 8.093
14   1   401    0.440 8.118 0.400 8.217 0.160 8.242 0.200 8.192
14   1   402    0.160 8.118 0.080 7.971 0.320 7.849 0.240 7.729
14   1   403    0.160 7.468 0.240 7.305 0.160 7.190 0.080 6.941
14   1   404    0.240 6.807 0.040 6.653 0.320 6.588 0.160 6.437
14   1   405    0.280 6.373 0.320 6.331 0.360 6.352 0.520 6.331
14   1   406    0.280 6.331 0.040 6.289 0.160 6.184 0.040 6.080
14   1   407    0.040 5.957 0.160 5.856 0.720 5.795 1.720 5.977
14   1   408    1.840 6.523 1.640 7.468 1.560 8.828 1.960 10.533
14   1   409    1.440 12.142 0.640 12.983 0.280 13.017 0.520 12.852
14   1   410    1.840 12.885 1.760 13.553 1.920 15.243 1.480 18.013
14   1   411    1.160 19.848 1.360 23.095 2.240 22.486 0.720 23.001
14   1   412    0.080 24.588 0.000 23.142 0.200 20.325 0.760 18.958
14   1   413    0.440 17.254 0.120 15.833 0.120 15.316 0.400 14.701
14   1   414    0.240 14.347 0.000 13.757 0.000 13.116 0.200 12.688
14   1   415    0.440 12.269 0.000 12.110 0.000 11.953 0.120 11.580
14   1   416    0.400 11.274 0.280 11.064 0.720 10.856 0.120 10.621
14   1   417    0.280 10.331 0.000 9.935 0.000 9.630 0.280 9.331
14   1   418    1.240 9.439 0.200 9.575 0.040 9.277 0.440 9.011
14   1   419    0.440 8.932 0.360 8.880 0.480 8.932 0.320 8.932
14   1   420    0.200 8.750 1.120 8.724 3.200 9.575 3.560 12.301
14   1   421    2.360 15.499 0.280 16.824 0.000 16.059 0.200 14.737
14   1   422    0.200 13.485 0.080 12.526 0.000 11.672 0.080 11.154
14   1   423    0.320 10.708 0.120 10.360 0.240 10.019 0.600 9.823
14   1   424    0.040 9.657 0.120 9.575 0.440 9.412 0.120 9.331
14   1   425    0.000 9.143 0.040 8.932 0.040 8.647 1.000 8.519
14   1   426    0.960 8.596 0.200 8.673 0.840 8.698 0.600 8.802
14   1   427    0.120 8.906 0.080 8.854 0.120 8.776 0.200 8.647
14   1   428    0.000 8.418 0.040 8.192 0.000 7.922 0.000 7.729
14   1   429    0.000 7.421 0.600 7.259 0.800 7.236 0.280 7.236
14   1   430    0.440 7.190 0.360 7.167 0.280 7.144 0.320 7.144
14   1   431    1.040 7.190 0.680 7.610 0.400 7.898 0.280 8.044
14   1   432    0.560 8.118 0.560 8.192 0.200 8.242 0.080 8.242
14   1   433    0.080 8.168 0.240 7.995 0.280 7.873 0.320 7.801
14   1   434    0.280 7.729 0.560 7.681 0.080 7.539 0.080 7.351
14   1   435    0.040 7.167 0.040 6.963 0.080 6.829 0.360 6.719
14   1   436    1.000 6.697 1.160 6.852 0.480 7.076 0.240 7.167
14   1   437    0.040 7.144 0.120 7.008 0.000 6.829 0.040 6.653
14   1   438    0.200 6.588 0.160 6.502 0.560 6.416 0.920 6.502
14   1   439    0.160 6.610 0.000 6.545 0.000 6.395 0.040 6.247
14   1   440    0.000 6.121 0.000 5.977 0.000 5.835 0.000 5.735
14   1   441    0.000 5.617 0.000 5.558 0.000 5.422 0.000 5.327
14   1   442    0.000 5.251 0.000 5.157 0.000 5.120 0.000 5.064
14   1   443    0.000 4.918 0.000 4.864 0.000 4.793 0.000 4.739
14   1   444    0.000 4.687 0.240 4.651 0.200 4.634 0.080 4.617
14   1   445    0.680 4.599 0.480 4.582 0.160 4.599 0.000 4.582
14   1   446    0.000 4.479 0.000 4.394 0.000 4.327 0.000 4.260
14   1   447    0.000 4.227 0.000 4.194 0.000 4.113 0.000 4.080
14   1   448    0.000 4.032 0.000 3.984 0.000 3.937 0.000 3.890
14   1   449    0.000 3.858 0.000 3.827 0.000 3.796 0.000 3.766
14   1   450    0.000 3.689 0.000 3.644 0.000 3.614 0.000 3.570
14   1   451    0.000 3.540 0.000 3.496 0.000 3.467 0.000 3.452
14   1   452    0.000 3.438 0.000 3.409 0.000 3.394 0.000 3.309
14   1   453    0.000 3.280 0.000 3.252 0.000 3.224 0.000 3.183
14   1   454    0.000 3.155 0.000 3.128 0.000 3.100 0.000 3.087
14   1   455    0.000 3.073 0.000 3.060 0.000 3.006 0.000 2.980
14   1   456    0.000 2.953 0.000 2.927 0.000 2.901 0.000 2.888
14   1   457    0.000 2.862 0.000 2.850 0.000 2.819 0.000 2.788
14   1   458    0.000 2.757 0.050 2.741 0.100 2.726 0.200 2.726
14   1   459    0.100 2.711 0.300 2.696 0.150 2.696 0.100 2.696
14   1   460    0.300 2.696 0.500 2.696 0.700 2.726 0.450 2.819
14   1   461    0.400 2.888 0.150 2.940 0.050 2.966 0.000 2.980
14   1   462    0.000 2.980 0.000 2.940 0.000 2.901 0.000 2.875
14   1   463    0.000 2.834 0.000 2.788 0.000 2.741 0.000 2.711
14   1   464    0.000 2.636 0.000 2.606 0.000 2.548 0.150 2.519
14   1   465    0.100 2.504 0.950 2.519 0.550 2.592 0.300 2.651
14   1   466    0.000 2.651 0.000 2.636 0.000 2.592 0.000 2.548
14   1   467    0.000 2.504 0.000 2.462 0.050 2.419 0.250 2.405
14   1   468    0.650 2.391 0.150 2.405 0.000 2.405 0.000 2.405
14   1   469    0.000 2.391 0.000 2.378 0.000 2.364 0.000 2.350
14   1   470    0.000 2.295 0.000 2.282 0.000 2.255 0.000 2.229
14   1   471    0.000 2.215 0.000 2.189 0.000 2.176 0.000 2.163
14   1   472    0.000 2.150 0.100 2.137 0.000 2.124 0.250 2.111
14   1   473    1.600 2.137 1.050 2.189 0.900 2.323 0.050 2.490
14   1   474    0.500 2.681 1.850 2.850 2.000 3.020 0.550 3.294
14   1   475    0.300 3.570 0.250 3.705 0.050 3.705 0.000 3.599
14   1   476    0.000 3.481 0.000 3.409 0.000 3.266 0.000 3.155
14   1   477    0.000 3.087 0.000 2.993 0.000 2.914 0.000 2.862
14   1   478    0.000 2.803 0.000 2.726 0.000 2.666 0.000 2.606
14   1   479    0.000 2.548 0.000 2.504 0.000 2.462 0.000 2.419
14   1   480    0.000 2.391 0.000 2.378 0.000 2.364 0.000 2.350
14   1   481    0.000 2.309 0.000 2.295 0.000 2.282 0.000 2.269
14   1   482    0.050 2.255 0.100 2.242 0.150 2.242 0.050 2.242
14   1   483    0.050 2.242 0.150 2.242 0.300 2.255 0.000 2.282
14   1   484    0.150 2.309 0.000 2.323 0.000 2.350 0.000 2.364
14   1   485    0.000 2.364 0.000 2.364 0.000 2.364 0.850 2.364
14   1   486    1.100 2.405 1.200 2.548 1.700 2.834 1.650 3.169
14   1   487    2.000 3.766 1.600 4.846 1.750 6.373 1.650 7.995
14   1   488    2.000 9.795 2.400 11.859 2.950 14.242 2.000 16.059
14   1   489    1.450 17.372 0.950 17.651 0.500 16.669 0.100 15.170
14   1   490    0.000 13.689 0.000 12.623 0.000 11.518 0.050 10.708
14   1   491    0.000 10.019 0.000 9.412 0.000 8.959 0.000 8.596
14   1   492    0.000 8.317 0.000 7.995 0.000 7.777 0.000 7.492
14   1   493    0.000 7.213 0.000 7.076 0.000 6.807 0.000 6.675
14   1   494    0.000 6.566 0.000 6.373 0.000 6.247 0.000 6.101
14   1   495    0.000 5.957 0.000 5.835 0.000 5.715 0.000 5.617
14   1   496    0.000 5.538 0.000 5.384 0.000 5.270 0.000 5.176
14   1   497    0.000 5.120 0.000 5.064 0.000 4.918 0.000 4.828
14   1   498    0.000 4.757 0.000 4.704 0.000 4.651 0.000 4.599
14   1   499    0.000 4.496 0.050 4.428 1.300 4.428 0.350 4.547
14   1   500    0.450 4.634 0.300 4.722 0.450 4.775 0.550 4.828
14   1   501    1.000 4.955 1.050 5.213 0.650 5.636 0.750 5.957
14   1   502    1.000 6.142 1.250 6.416 1.100 6.874 0.800 7.445
14   1   503    0.650 8.020 0.900 8.367 0.700 8.519 0.050 8.519
14   1   504    0.000 8.317 0.000 7.898 0.000 7.398 0.000 6.941
14   1   505    0.000 6.588 0.000 6.247 0.000 5.977 0.000 5.715
14   1   506    0.000 5.558 0.000 5.346 0.000 5.213 0.000 5.120
14   1   507    0.000 5.046 0.000 4.882 0.000 4.793 0.000 4.687
14   1   508    0.000 4.634 0.000 4.599 0.000 4.513 0.000 4.428
14   1   509    0.000 4.377 0.000 4.327 0.000 4.293 0.000 4.243
14   1   510    0.000 4.194 0.000 4.178 0.000 4.145 0.000 4.064
14   1   511    0.250 4.048 0.400 4.032 0.300 4.048 0.400 4.080
14   1   512    0.550 4.113 0.300 4.194 0.250 4.293 0.400 4.360
14   1   513    0.050 4.394 0.150 4.394 0.150 4.411 0.200 4.360
14   1   514    0.100 4.343 0.100 4.310 0.100 4.293 0.000 4.260
14   1   515    0.000 4.227 0.000 4.178 0.000 4.113 0.000 4.048
14   1   516    0.000 3.984 0.050 3.921 0.000 3.874 0.000 3.827
14   1   517    0.000 3.781 0.000 3.750 0.000 3.659 0.000 3.614
14   1   518    0.000 3.570 0.000 3.525 0.000 3.496 0.000 3.452
14   1   519    0.000 3.438 0.000 3.423 0.000 3.394 0.000 3.351
14   1   520    0.000 3.309 0.000 3.280 0.000 3.252 0.000 3.224
14   1   521    0.000 3.210 0.000 3.183 0.000 3.169 0.050 3.141
14   1   522    0.000 3.128 0.000 3.114 0.000 3.087 0.000 3.073
14   1   523    0.000 3.060 0.000 3.046 0.000 3.006 0.000 2.980
14   1   524    0.000 2.953 0.000 2.927 0.000 2.901 0.000 2.888
14   1   525    0.000 2.862 0.000 2.850 0.000 2.834 0.000 2.819
14   1   526    0.000 2.788 0.000 2.757 0.000 2.741 0.000 2.711
14   1   527    0.000 2.696 0.000 2.681 0.000 2.636 0.000 2.621
14   1   528    0.000 2.592 0.000 2.562 0.000 2.548 0.000 2.519
14   1   529    0.000 2.490 0.000 2.476 0.000 2.448 0.000 2.419
14   1   530    0.000 2.391 0.000 2.378 0.000 2.364 0.000 2.350
14   1   531    0.000 2.336 0.000 2.309 0.000 2.295 0.000 2.282
14   1   532    0.000 2.269 0.000 2.255 0.000 2.229 0.000 2.215
14   1   533    0.000 2.189 0.000 2.176 0.000 2.163 0.000 2.150
14   1   534    0.000 2.137 0.000 2.124 0.000 2.111 0.000 2.099
14   1   535    0.000 2.086 0.000 2.061 0.000 2.048 0.000 2.048
14   1   536    0.000 2.036 0.000 2.023 0.000 2.023 0.000 2.011
14   1   537    0.000 1.999 0.000 1.974 0.000 1.950 0.000 1.938
14   1   538    0.000 1.914 0.000 1.902 0.000 1.890 0.040 1.878
14   1   539    0.040 1.867 0.000 1.867 0.000 1.855 0.000 1.843
14   1   540    0.000 1.832 0.000 1.820 0.000 1.809 0.000 1.797
14   1   541    0.000 1.786 0.000 1.774 0.000 1.763 0.000 1.752
14   1   542    0.000 1.741 0.000 1.741 0.000 1.730 0.000 1.730
14   1   543    0.000 1.718 0.000 1.707 0.000 1.685 0.000 1.674
14   1   544    0.000 1.664 0.000 1.653 0.080 1.642 0.000 1.642
14   1   545    0.120 1.631 0.080 1.631 0.400 1.621 0.240 1.621
14   1   546    0.160 1.621 0.000 1.621 0.000 1.631 0.040 1.631
14   1   547    0.080 1.631 0.160 1.621 0.200 1.610 0.040 1.610
14   1   548    0.000 1.599 0.000 1.599 0.000 1.589 0.000 1.589
14   1   549    0.000 1.578 0.000 1.558 0.000 1.547 0.040 1.537
14   1   550    0.000 1.527 0.000 1.517 0.000 1.517 0.000 1.506
14   1   551    0.000 1.496 0.000 1.486 0.000 1.476 0.000 1.476
14   1   552    0.000 1.466 0.000 1.466 0.000 1.456 0.000 1.447
14   1   553    0.040 1.437 0.000 1.417 0.000 1.408 0.000 1.408
14   1   554    0.000 1.398 0.000 1.398 0.000 1.388 0.000 1.379
14   1   555    0.000 1.369 0.000 1.360 0.000 1.350 0.000 1.350
14   1   556    0.000 1.341 0.000 1.332 0.000 1.332 0.000 1.322
14   1   557    0.000 1.313 0.000 1.304 0.000 1.304 0.000 1.295
14   1   558    0.000 1.286 0.000 1.286 0.040 1.277 0.000 1.277
14   1   559    0.000 1.268 0.000 1.268 0.000 1.259 0.000 1.259
14   1   560    0.000 1.250 0.000 1.250 0.000 1.241 0.000 1.232
14   1   561    0.000 1.232 0.000 1.223 0.000 1.223 0.000 1.215
14   1   562    0.000 1.215 0.000 1.206 0.000 1.189 0.000 1.180
14   1   563    0.000 1.171 0.000 1.163 0.000 1.155 0.000 1.155
14   1   564    0.000 1.146 0.000 1.138 0.000 1.138 0.000 1.129
14   1   565    0.000 1.129 0.000 1.121 0.000 1.121 0.000 1.113
14   1   566    0.000 1.105 0.000 1.105 0.000 1.097 0.000 1.097
14   1   567    0.000 1.088 0.000 1.088 0.000 1.080 0.000 1.072
14   1   568    0.000 1.072 0.000 1.064 0.000 1.056 0.000 1.048
14   1   569    0.000 1.041 0.000 1.041 0.000 1.041 0.000 1.033
14   1   570    0.000 1.033 0.000 1.033 0.000 1.025 0.000 1.025
14   1   571    0.000 1.025 0.000 1.017 0.000 1.017 0.000 1.017
14   1   572    0.000 1.010 0.000 1.010 0.000 1.002 0.000 1.002
14   1   573    0.000 1.002 0.000 0.994 0.000 0.979 0.000 0.972
14   1   574    0.000 0.972 0.000 0.964 0.000 0.964 0.000 0.964
14   1   575    0.000 0.957 0.000 0.957 0.000 0.949 0.000 0.949
14   1   576    0.000 0.950 0.000 0.940 0.000 0.940 0.000 0.940
14   1   577    0.000 0.935 0.000 0.927 0.000 0.927 0.000 0.927
14   1   578    0.000 0.920 0.000 0.920 0.000 0.913 0.000 0.913
14   1   579    0.000 0.906 0.000 0.906 0.000 0.906 0.000 0.899
14   1   580    0.000 0.892 0.000 0.892 0.000 0.885 0.000 0.885
14   1   581    0.000 0.885 0.000 0.878 0.000 0.878 0.000 0.878
14   1   582    0.000 0.871 0.000 0.871 0.000 0.864 0.000 0.864
14   1   583    0.000 0.864 0.000 0.857 0.000 0.857 0.000 0.857
14   1   584    0.000 0.857 0.000 0.857 0.000 0.850 0.000 0.850
14   1   585    0.000 0.850 0.000 0.850 0.000 0.843 0.000 0.843
14   1   586    0.000 0.843 0.000 0.843 0.000 0.843 0.000 0.836
14   1   587    0.000 0.836 0.000 0.836 0.000 0.836 0.000 0.830
14   1   588    0.000 0.830 0.000 0.830 0.000 0.830 0.000 0.823
14   1   589    0.000 0.823 0.000 0.823 0.000 0.823 0.000 0.816
14   1   590    0.000 0.816 0.000 0.816 0.000 0.816 0.040 0.810
14   1   591    0.040 0.810 0.000 0.810 0.000 0.810 0.000 0.810
14   1   592    0.000 0.810 0.000 0.803 0.000 0.803 0.000 0.803
14   1   593    0.000 0.803 0.000 0.803 0.000 0.797 0.000 0.797
14   1   594    0.000 0.797 0.000 0.790 0.000 0.790 0.000 0.790
14   1   595    0.000 0.790 0.000 0.784 0.000 0.784 0.000 0.784
14   1   596    0.000 0.777 0.000 0.777 0.000 0.777 0.000 0.777
14   1   597    0.000 0.771 0.000 0.771 0.000 0.771 0.000 0.771
14   1   598    0.000 0.764 0.000 0.764 0.000 0.764 0.000 0.764
14   1   599    0.000 0.758 0.000 0.758 0.000 0.758 0.000 0.758
14   1   600    0.000 0.758 0.000 0.752 0.000 0.752 0.000 0.752
14   1   601    0.000 0.752 0.000 0.745 0.000 0.745 0.000 0.745
14   1   602    0.000 0.745 0.080 0.739 0.000 0.739 0.040 0.739
14   1   603    0.000 0.739 0.000 0.739 0.000 0.739 0.000 0.739
14   1   604    0.000 0.739 0.000 0.733 0.000 0.733 0.000 0.733
14   1   605    0.000 0.733 0.000 0.733 0.000 0.733 0.000 0.727
14   1   606    0.000 0.727 0.000 0.727 0.000 0.721 0.000 0.721
14   1   607    0.000 0.721 0.000 0.721 0.000 0.721 0.040 0.715
14   1   608    0.000 0.715 0.000 0.715 0.000 0.715 0.000 0.709
14   1   609    0.000 0.709 0.000 0.709 0.000 0.709 0.000 0.703
14   1   610    0.000 0.703 0.000 0.703 0.000 0.703 0.000 0.703
14   1   611    0.000 0.697 0.000 0.697 0.000 0.697 0.000 0.697
14   1   612    0.000 0.691 0.000 0.691 0.000 0.691 0.000 0.691
14   1   613    0.000 0.691 0.000 0.691 0.000 0.685 0.000 0.685
14   1   614    0.000 0.685 0.000 0.685 0.000 0.685 0.000 0.679
14   1   615    0.000 0.679 0.000 0.673 0.000 0.673 0.000 0.673
14   1   616    0.000 0.667 0.000 0.662 0.000 0.662 0.000 0.656
14   1   617    0.000 0.656 0.000 0.656 0.000 0.656 0.000 0.650
14   1   618    0.000 0.650 0.000 0.650 0.000 0.644 0.000 0.644
14   1   619    0.000 0.644 0.000 0.639 0.000 0.639 0.000 0.639
14   1   620    0.000 0.639 0.000 0.633 0.000 0.633 0.000 0.633
14   1   621    0.000 0.633 0.000 0.628 0.000 0.628 0.000 0.628
14   1   622    0.000 0.628 0.000 0.622 0.000 0.622 0.000 0.622
14   1   623    0.000 0.622 0.000 0.617 0.000 0.617 0.000 0.617
14   1   624    0.000 0.617 0.000 0.611 0.000 0.611 0.000 0.611
14   1   625    0.000 0.611 0.000 0.611 0.000 0.606 0.000 0.606
14   1   626    0.000 0.606 0.000 0.606 0.000 0.600 0.000 0.600
14   1   627    0.000 0.600 0.000 0.600 0.000 0.595 0.000 0.595
14   1   628    0.000 0.595 0.000 0.595 0.000 0.595 0.320 0.595
14   1   629    0.120 0.595 0.160 0.595 0.320 0.595 0.240 0.600
14   1   630    0.640 0.606 0.360 0.611 0.120 0.617 0.000 0.628
14   1   631    0.000 0.644 0.000 0.656 0.000 0.662 0.000 0.667
14   1   632    0.000 0.667 0.000 0.667 0.000 0.662 0.000 0.650
14   1   633    0.000 0.644 0.000 0.639 0.000 0.633 0.000 0.622
14   1   634    0.000 0.617 0.000 0.611 0.000 0.611 0.000 0.606
14   1   635    0.000 0.600 0.000 0.600 0.000 0.595 0.000 0.595
14   1   636    0.000 0.590 0.000 0.590 0.000 0.584 0.000 0.584
14   1   637    0.000 0.584 0.000 0.579 0.000 0.579 0.000 0.579
14   1   638    0.000 0.574 0.000 0.574 0.000 0.574 0.000 0.574
14   1   639    0.000 0.574 0.040 0.569 0.000 0.569 0.040 0.569
14   1   640    0.040 0.569 0.120 0.569 0.040 0.569 0.000 0.569
14   1   641    0.040 0.569 0.080 0.569 0.040 0.569 0.000 0.569
14   1   642    0.000 0.569 0.000 0.569 0.000 0.569 0.000 0.569
14   1   643    0.000 0.569 0.000 0.569 0.000 0.569 0.000 0.569
14   1   644    0.000 0.569 0.000 0.569 0.000 0.569 0.000 0.569
14   1   645    0.000 0.564 0.000 0.564 0.000 0.564 0.000 0.564
14   1   646    0.000 0.558 0.000 0.558 0.040 0.558 0.120 0.558
14   1   647    0.040 0.558 0.040 0.558 0.000 0.558 0.000 0.558
14   1   648    0.200 0.558 0.200 0.558 0.160 0.558 0.080 0.558
14   1   649    0.080 0.558 0.040 0.564 0.000 0.564 0.000 0.564
14   1   650    0.000 0.564 0.000 0.564 0.000 0.564 0.000 0.564
14   1   651    0.000 0.564 0.000 0.564 0.000 0.564 0.000 0.564
14   1   652    0.000 0.564 0.000 0.558 0.000 0.558 0.000 0.558
14   1   653    0.000 0.558 0.000 0.558 0.000 0.553 0.000 0.553
14   1   654    0.000 0.553 0.000 0.553 0.000 0.553 0.000 0.553
14   1   655    0.000 0.548 0.000 0.548 0.000 0.548 0.000 0.548
14   1   656    0.000 0.543 0.000 0.543 0.000 0.538 0.000 0.538
14   1   657    0.000 0.538 0.000 0.533 0.000 0.533 0.000 0.533
14   1   658    0.000 0.528 0.000 0.528 0.000 0.528 0.200 0.528
14   1   659    0.240 0.528 0.000 0.528 0.000 0.528 0.000 0.528
14   1   660    0.000 0.528 0.000 0.528 0.000 0.528 0.000 0.528
14   1   661    0.040 0.528 0.200 0.528 0.040 0.528 0.080 0.528
14   1   662    0.000 0.528 0.000 0.528 0.000 0.528 0.000 0.523
14   1   663    0.000 0.523 0.000 0.523 0.000 0.523 0.000 0.518
14   1   664    0.000 0.518 0.000 0.518 0.000 0.514 0.000 0.514
14   1   665    0.000 0.514 0.000 0.514 0.000 0.509 0.000 0.509
14   1   666    0.000 0.509 0.000 0.509 0.080 0.509 0.080 0.509
14   1   667    0.040 0.509 0.040 0.504 0.000 0.504 0.000 0.504
14   1   668    0.240 0.504 0.240 0.504 0.040 0.504 0.000 0.504
14   1   669    0.240 0.504 0.600 0.509 0.480 0.518 0.480 0.528
14   1   670    0.360 0.538 0.160 0.558 0.200 0.579 0.000 0.600
14   1   671    0.000 0.617 0.000 0.628 0.000 0.639 0.000 0.650
14   1   672    0.000 0.650 0.000 0.650 0.000 0.639 0.000 0.633
14   1   673    0.000 0.622 0.000 0.617 0.000 0.611 0.000 0.600
14   1   674    0.000 0.595 0.000 0.590 0.000 0.584 0.040 0.584
14   1   675    0.000 0.579 0.000 0.574 0.000 0.569 0.000 0.569
14   1   676    0.000 0.569 0.000 0.564 0.080 0.564 0.760 0.564
14   1   677    1.120 0.574 0.240 0.584 0.040 0.600 0.000 0.622
14   1   678    0.000 0.639 0.080 0.650 0.040 0.650 0.000 0.656
14   1   679    0.000 0.656 0.040 0.656 0.040 0.656 0.160 0.650
14   1   680    0.160 0.644 0.000 0.639 0.080 0.639 0.000 0.639
14   1   681    0.040 0.633 0.000 0.633 0.000 0.628 0.040 0.628
14   1   682    0.080 0.628 0.040 0.622 0.040 0.622 0.000 0.617
14   1   683    0.040 0.617 0.640 0.617 0.920 0.622 0.240 0.628
14   1   684    0.080 0.639 0.080 0.656 0.080 0.673 0.040 0.691
14   1   685    0.160 0.703 0.040 0.715 0.080 0.721 0.000 0.727
14   1   686    0.000 0.727 0.000 0.727 0.000 0.727 0.040 0.721
14   1   687    0.040 0.721 0.040 0.715 0.000 0.709 0.000 0.703
14   1   688    0.000 0.697 0.000 0.697 0.000 0.691 0.000 0.691
14   1   689    0.000 0.679 0.000 0.673 0.000 0.673 0.000 0.662
14   1   690    0.000 0.656 0.000 0.650 0.000 0.644 0.000 0.639
14   1   691    0.040 0.639 0.000 0.633 0.000 0.628 0.000 0.622
14   1   692    0.000 0.622 0.000 0.617 0.000 0.611 0.000 0.611
14   1   693    0.000 0.606 0.000 0.606 0.000 0.600 0.000 0.600
14   1   694    0.000 0.595 0.000 0.595 0.000 0.590 0.000 0.590
14   1   695    0.000 0.590 0.080 0.584 0.040 0.584 0.000 0.584
14   1   696    0.000 0.579 0.000 0.579 0.000 0.574 0.000 0.574
14   1   697    0.000 0.574 0.000 0.574 0.000 0.569 0.000 0.569
14   1   698    0.000 0.569 0.000 0.564 0.000 0.564 0.000 0.564
14   1   699    0.000 0.558 0.000 0.558 0.000 0.558 0.000 0.558
14   1   700    0.000 0.558 0.000 0.558 0.000 0.558 0.000 0.558
14   1   701    0.000 0.553 0.000 0.553 0.000 0.553 0.000 0.553
14   1   702    0.000 0.553 0.000 0.553 0.000 0.553 0.000 0.553
14   1   703    0.000 0.548 0.000 0.548 0.000 0.548 0.000 0.548
14   1   704    0.000 0.548 0.000 0.548 0.000 0.543 0.000 0.543
14   1   705    0.000 0.543 0.000 0.543 0.000 0.538 0.000 0.538
14   1   706    0.000 0.538 0.000 0.538 0.000 0.538 0.000 0.538
14   1   707    0.000 0.533 0.000 0.533 0.030 0.533 0.000 0.533
14   1   708    0.000 0.533 0.000 0.533 0.000 0.533 0.030 0.533
14   1   709    0.000 0.528 0.000 0.528 0.000 0.528 0.000 0.528
14   1   710    0.000 0.528 0.000 0.528 0.000 0.528 0.000 0.528
14   1   711    0.000 0.528 0.000 0.523 0.000 0.523 0.000 0.523
14   1   712    0.000 0.523 0.000 0.523 0.000 0.523 0.030 0.523
14   1   713    0.000 0.523 0.000 0.523 0.000 0.518 0.000 0.518
14   1   714    0.000 0.518 0.000 0.518 0.000 0.518 0.000 0.518
14   1   715    0.000 0.518 0.000 0.518 0.000 0.518 0.030 0.514
14   1   716    0.000 0.514 0.000 0.514 0.030 0.514 0.000 0.514
14   1   717    0.000 0.514 0.000 0.514 0.000 0.514 0.000 0.514
14   1   718    0.000 0.514 0.000 0.514 0.000 0.509 0.000 0.509
14   1   719    0.000 0.509 0.030 0.509 0.030 0.509 0.000 0.509
14   1   720    0.000 0.509 0.000 0.509 0.000 0.509 0.000 0.509
14   1   721    0.000 0.509 0.030 0.509 0.000 0.509 0.000 0.509
14   1   722    0.000 0.509 0.000 0.504 0.000 0.504 0.000 0.504
14   1   723    0.000 0.504 0.000 0.504 0.000 0.504 0.000 0.504
14   1   724    0.000 0.504 0.000 0.499 0.000 0.499 0.000 0.499
14   1   725    0.000 0.499 0.000 0.499 0.000 0.499 0.000 0.499
14   1   726    0.030 0.499 0.070 0.499 0.000 0.499 0.030 0.499
14   1   727    0.000 0.499 0.030 0.499 0.000 0.499 0.000 0.499
14   1   728    0.000 0.499 0.000 0.499 0.000 0.495 0.000 0.495
14   1   729    0.000 0.495 0.000 0.495 0.000 0.495 0.000 0.495
14   1   730    0.000 0.495 0.000 0.495 0.000 0.495 0.000 0.495
14   1   731    0.000 0.495 0.000 0.490 0.000 0.490 0.000 0.490
14   1   732    0.000 0.490 0.000 0.490 0.000 0.490 0.000 0.490
