15   1     1    1839 8 0 22 7 8 0 0 0 0 45 6 42 0 22 12 3
15   1     2     0 12 12 14 8 0 11 0 0 91 0 64 92 108 20 46
15   1     3     106 41 0 104 25 7 86 111 158 8 10 3 18 106 34 21
15   1     4     14 0 122 31 44 164 84 7 12 0 0 16 0
15   1     5    1840 33 0 0 0 0 0 8 68 107 18 0 28 22 3 3 0
15   1     6     0 50 37 13 20 67 0 0 79 3 0 132 137 44 12 22
15   1     7     66 10 58 58 73 146 32 18 92 122 171 79 0 1 0 66
15   1     8     120 0 4 0 7 0 12 0 0 0 20 111 251
15   1     9    1841 0 45 0 0 0 0 0 0 11 24 56 22 0 0 3 125
15   1    10     22 178 7 25 0 23 75 3 70 11 0 0 217 4 0 30
15   1    11     18 0 18 50 80 78 39 16 34 5 125 11 58 10 5 40
15   1    12     27 0 34 16 4 2 0 64 48 0 11 36 15
15   1    13    1842 3 0 0 7 27 0 0 18 30 23 0 78 11 12 0 101
15   1    14     64 1 2 13 0 49 71 85 0 0 24 108 0 60 76 45
15   1    15     0 114 6 49 37 58 35 66 61 3 85 9 3 122 8 23
15   1    16     142 20 35 4 0 57 42 50 95 0 0 0 0
15   1    17    1843 0 9 12 0 0 4 0 5 0 45 0 0 59 0 0 0
15   1    18     0 24 44 38 1 8 33 47 4 208 14 0 30 99 154 42
15   1    19     14 76 31 87 44 68 1 37 20 12 53 11 27 5 22 55
15   1    20     4 48 35 10 0 4 6 0 159 0 0 0 0
15   1    21    1844 11 19 14 0 8 0 2 4 12 0 0 25 27 0 15 13
15   1    22     6 74 55 20 9 5 85 31 31 31 0 0 57 57 103 92
15   1    23     65 101 5 0 65 61 39 45 1 15 10 81 69 84 45 1
15   1    24     1 18 15 28 0 31 32 0 0 75 8 0 0
15   1    25    1845 0 4 9 0 0 3 12 0 0 17 0 3 0 0 23 6
15   1    26     4 0 45 0 27 35 23 8 128 107 8 187 12 97 31 35
15   1    27     18 81 45 23 50 92 35 106 35 0 103 42 9 58 0 81
15   1    28     9 0 10 57 11 7 50 13 2 8 103 0 10
15   1    29    1846 3 12 0 0 0 160 4 0 40 28 0 0 63 0 3 2
15   1    30     9 24 8 209 100 9 0 145 28 76 101 3 17 46 55 131
15   1    31     0 30 142 150 77 6 4 11 141 10 44 116 14 0 14 11
15   1    32     1 143 55 0 10 211 74 0 1 0 5 0 145
15   1    33    1847 162 0 0 0 0 3 0 0 0 0 83 5 0 0 73 0
15   1    34     0 182 50 48 155 0 40 72 0 125 46 124 365 70 195 52
15   1    35     39 155 98 81 70 0 21 0 5 0 35 15 3 189 0 0
15   1    36     16 37 5 32 0 70 0 17 0 19 150 2 0
15   1    37    1848 0 0 0 0 0 0 0 0 0 0 2 0 95 0 0 0
15   1    38     48 27 0 0 20 110 93 0 0 0 13 8 47 20 139 14
15   1    39     38 35 40 92 8 63 47 71 45 116 6 100 59 31 12 74
15   1    40     18 117 59 33 25 101 82 1 22 6 2 0 37
15   1    41    1849 0 0 0 0 0 0 28 0 1 0 7 10 32 12 0 0
15   1    42     0 25 141 63 3 6 0 152 15 190 57 0 252 218 172 35
15   1    43     53 124 0 66 134 14 22 46 99 19 78 55 48 48 9 27
15   1    44     9 0 29 74 0 50 58 23 12 23 0 0 6
15   1    45    1850 0 23 0 0 76 301 0 0 5 8 0 0 0 0 25 0
15   1    46     0 81 0 9 0 44 78 10 48 22 155 133 17 50 10 43
15   1    47     8 0 3 62 20 9 13 68 0 119 38 4 37 17 0 72
15   1    48     0 0 100 65 0 0 0 15 0 68 0 0 92
15   1    49    1851 104 6 3 0 0 0 6 9 0 0 42 22 31 0 0 0
15   1    50     23 14 70 45 192 191 55 34 153 32 27 169 119 19 68 71
15   1    51     172 143 50 45 113 0 252 42 112 56 106 14 77 0 34 12
15   1    52     0 70 30 3 59 253 7 7 4 11 7 0 3
15   1    53    1852 25 25 25 50 25 0 0 40 0 0 0 0 0 0 3 0
15   1    54     0 3 80 117 40 93 34 106 0 41 79 170 5 14 111 18
15   1    55     190 53 54 60 165 149 65 117 117 10 43 19 27 112 50 7
15   1    56     47 3 50 0 0 83 11 98 0 0 15 78 18
15   1    57    1853 0 37 4 0 0 0 4 60 0 3 5 15 0 0 13 29
15   1    58     24 138 5 207 459 14 103 10 121 15 24 64 127 17 45 41
15   1    59     28 104 55 31 43 8 15 54 116 98 101 90 21 75 119 47
15   1    60     0 0 0 26 0 0 0 16 0 0 0 82 0
15   1    61    1854 0 0 0 0 9 1 0 0 0 3 3 13 10 6 73 0
15   1    62     30 64 108 64 25 24 12 107 0 0 0 39 0 74 43 20
15   1    63     29 57 97 15 30 49 48 89 38 11 50 4 4 144 10 2
15   1    64     11 0 7 28 1 0 21 10 23 0 9 0 20
15   1    65    1855 0 0 0 0 0 4 0 0 0 128 8 10 126 143 25 0
15   1    66     3 0 68 39 0 36 9 72 187 147 51 43 0 20 20 123
15   1    67     63 28 99 25 85 12 17 45 4 67 164 18 76 16 9 68
15   1    68     0 92 10 0 43 8 0 0 0 47 57 0 0
15   1    69    1856 0 81 0 0 7 0 250 0 0 0 0 0 23 5 15 123
15   1    70     102 68 72 14 4 111 0 11 76 138 232 157 32 27 154 30
15   1    71     33 7 21 38 37 26 83 10 21 41 45 37 16 15 146 6
15   1    72     49 46 0 4 7 0 0 44 4 26 0 0 0
15   1    73    1857 1 0 43 0 0 6 0 78 0 0 14 0 113 85 171 0
15   1    74     0 0 22 81 55 0 0 25 13 16 55 91 149 75 113 13
15   1    75     87 0 20 34 0 77 123 79 72 2 6 49 7 0 54 93
15   1    76     7 9 48 0 25 85 22 0 0 52 0 0 51
15   1    77    1858 22 39 25 0 0 0 0 21 242 4 0 2 5 0 16 8
15   1    78     14 7 4 99 0 183 110 42 16 78 86 6 0 0 0 22
15   1    79     105 54 120 22 29 60 25 6 31 87 54 2 46 9 0 0
15   1    80     63 0 5 0 2 2 16 195 0 0 82 86 3
15   1    81    1859 0 8 6 20 0 0 0 52 64 0 0 0 0 0 0 8
15   1    82     45 20 0 0 16 3 289 88 39 44 51 99 0 24 23 14
15   1    83     29 25 4 0 93 8 33 24 24 33 11 6 11 57 0 50
15   1    84     2 27 24 44 0 0 19 0 43 8 0 0 0
15   1    85    1860 0 6 3 0 9 0 0 0 0 0 0 52 100 0 55 318
15   1    86     6 51 53 3 42 2 92 68 46 25 110 73 33 131 34 25
15   1    87     43 39 0 0 0 0 73 3 0 19 9 34 69 52 111 18
15   1    88     0 13 0 44 12 0 18 13 38 14 9 4 0
15   1    89    1861 23 1 0 2 0 0 5 14 27 0 8 0 36 88 0 41
15   1    90     2 96 0 2 67 250 44 38 64 21 18 71 40 27 149 51
15   1    91     121 39 37 17 4 6 54 16 34 34 108 4 28 66 44 13
15   1    92     18 33 80 4 6 0 11 132 5 37 175 49 0
15   1    93    1862 0 0 10 11 0 0 70 0 0 0 13 25 10 2 0 3
15   1    94     0 119 0 10 52 9 8 127 277 83 0 8 38 80 53 70
15   1    95     53 180 92 81 91 193 1 32 35 12 83 7 44 0 0 0
15   1    96     40 64 4 0 74 7 0 0 10 0 0 5 0
15   1    97    1863 0 0 0 28 56 0 0 0 38 0 31 6 3 0 0 20
15   1    98     0 0 16 23 63 12 148 232 51 12 73 90 91 2 51 36
15   1    99     52 56 106 124 81 14 85 73 64 21 77 24 8 28 24 37
15   1   100     36 43 182 42 0 9 11 0 0 86 12 0 1
15   1   101    1864 0 150 53 0 0 0 13 4 0 0 0 0 0 0 0 8
15   1   102     34 26 30 22 45 44 172 7 0 64 75 9 129 27 0 176
15   1   103     8 49 63 86 29 160 96 22 75 5 32 47 18 33 43 19
15   1   104     65 12 1 10 0 0 0 3 3 5 2 9 0
15   1   105    1865 0 0 0 2 0 1 5 20 0 0 44 0 50 0 2 0
15   1   106     0 10 6 51 41 87 53 0 86 41 0 0 0 77 16 251
15   1   107     44 142 69 39 0 33 33 43 14 96 29 0 22 58 9 13
15   1   108     8 0 0 1 10 0 0 18 3 0 12 12 0
15   1   109    1866 0 2 0 0 99 0 0 17 37 0 45 14 1 0 8 0
15   1   110     0 22 0 3 16 91 182 36 189 22 34 72 0 100 20 92
15   1   111     10 70 132 43 63 88 0 0 1 13 18 76 47 20 76 57
15   1   112     20 109 0 4 15 0 37 3 0 10 0 0 0
15   1   113    1867 0 0 16 0 9 0 0 33 9 103 3 63 0 0 100 0
15   1   114     0 1 0 21 0 0 15 188 0 0 82 28 7 28 90 41
15   1   115     51 49 54 4 56 39 0 5 20 67 100 37 90 75 136 94
15   1   116     5 75 0 0 0 77 0 6 0 2 6 4 21
15   1   117    1868 0 90 53 0 0 0 0 0 1 0 2 0 0 0 116 5
15   1   118     178 17 0 0 3 0 0 70 23 0 51 140 224 79 65 70
15   1   119     0 11 50 0 22 9 42 49 66 59 11 31 157 22 57 18
15   1   120     16 29 33 4 36 4 26 0 10 36 12 0 0
15   1   121    1869 9 0 2 7 3 14 27 2 8 0 0 29 8 74 81 12
15   1   122     4 31 34 19 29 10 39 10 51 57 98 1 88 31 2 8
15   1   123     11 29 26 91 0 14 30 31 19 15 0 36 0 53 81 48
15   1   124     6 11 7 0 3 7 158 2 0 0 2 14 0
15   1   125    1870 2 0 97 0 229 0 0 0 0 0 0 0 0 0 0 1
15   1   126     4 30 11 5 13 10 50 16 21 18 60 130 25 197 13 11
15   1   127     80 18 53 102 94 118 91 36 10 134 37 51 36 14 95 17
15   1   128     36 145 77 0 80 0 35 10 0 0 15 0 59
15   1   129    1871 32 179 38 0 25 0 106 0 0 0 11 51 8 0 4 0
15   1   130     30 0 23 22 71 83 94 29 19 0 50 20 92 89 74 33
15   1   131     13 52 154 3 113 10 32 6 59 60 4 82 18 23 21 77
15   1   132     0 15 38 15 74 21 84 0 54 126 0 18 0
15   1   133    1872 0 0 0 17 81 45 0 69 0 0 0 7 18 6 53 8
15   1   134     20 0 10 18 87 58 100 103 9 44 47 11 175 33 92 27
15   1   135     44 207 71 71 58 20 24 32 29 7 30 3 34 72 105 42
15   1   136     16 0 11 0 135 24 42 17 0 14 8 9 6
15   1   137    1873 0 0 0 8 52 0 3 19 83 0 0 0 57 11 0 0
15   1   138     28 207 78 15 33 50 7 79 133 29 54 2 50 44 188 22
15   1   139     63 0 18 34 63 93 62 8 28 99 64 13 58 0 22 29
15   1   140     44 2 49 12 25 1 26 0 0 8 21 12 0
15   1   141    1874 0 36 0 0 0 0 2 2 0 0 0 0 37 41 16 26
15   1   142     0 50 28 0 58 188 51 134 0 2 59 25 77 16 38 45
15   1   143     43 1 39 103 29 7 49 142 10 25 86 34 38 24 0 0
15   1   144     14 79 0 0 14 15 0 0 0 7 8 25 0
15   1   145    1875 22 9 0 14 0 86 0 16 138 0 5 1 3 2 5 3
15   1   146     89 0 28 115 347 305 99 2 3 75 158 117 55 27 0 28
15   1   147     34 62 7 39 70 69 2 28 184 8 18 32 15 0 71 35
15   1   148     91 1 49 16 21 0 23 10 59 35 30 19 140
15   1   149    1876 0 0 4 10 0 5 46 0 0 0 0 10 14 0 21 54
15   1   150     116 6 1 3 19 35 8 0 1 78 16 39 40 6 4 42
15   1   151     129 2 60 6 102 0 10 41 8 0 7 79 17 9 7 38
15   1   152     27 66 3 2 0 57 47 0 0 0 0 1 48
15   1   153    1877 0 12 8 3 0 0 0 214 24 0 0 0 6 366 77 4
15   1   154     2 18 96 45 39 25 96 179 113 0 34 76 5 57 33 24
15   1   155     0 26 20 10 15 5 30 76 73 6 28 163 146 16 8 4
15   1   156     161 4 60 33 0 1 2 7 13 1 10 18 1
15   1   157    1878 0 0 0 0 0 5 10 36 11 13 367 0 44 0 48 6
15   1   158     0 20 211 50 57 11 9 20 21 73 203 115 45 14 5 55
15   1   159     30 132 33 11 7 28 28 31 5 30 54 7 80 7 10 78
15   1   160     0 24 15 125 0 0 8 0 4 0 0 14 0
15   1   161    1879 10 0 0 0 0 2 3 0 13 0 32 0 122 0 0 1
15   1   162     0 1 0 117 14 20 9 80 238 7 43 27 0 57 93 182
15   1   163     29 0 9 36 30 92 43 5 27 67 51 0 73 3 59 41
15   1   164     30 2 18 6 116 30 12 11 28 20 0 50 111
15   1   165    1880 76 0 0 0 0 0 0 0 0 64 4 52 0 191 0 18
15   1   166     2 81 154 82 27 29 1 32 69 34 62 52 69 51 48 52
15   1   167     23 41 97 40 115 73 10 38 17 81 64 29 35 8 78 0
15   1   168     57 67 1 1 19 55 6 0 30 0 12 0 0
15   1   169    1881 0 257 0 4 10 4 0 2 5 4 0 0 4 11 10 4
15   1   170     1 40 0 80 3 98 8 17 45 128 82 91 78 16 89 23
15   1   171     87 54 4 28 4 52 46 14 24 72 0 44 41 16 7 95
15   1   172     12 1 1 4 4 30 18 2 0 3 15 8 5
15   1   173    1882 0 9 0 6 9 0 0 0 0 0 7 0 17 0 26 0
15   1   174     3 14 89 65 49 20 26 47 42 75 1 30 31 58 45 70
15   1   175     73 0 34 104 26 72 10 121 38 29 19 4 4 50 47 0
15   1   176     18 55 7 0 28 1 37 24 8 0 0 0 30
15   1   177    1883 14 2 7 2 0 0 18 0 6 17 0 11 0 38 38 217
15   1   178     33 0 3 1 130 53 107 107 216 96 7 73 130 7 51 172
15   1   179     21 0 176 0 34 117 118 1 96 27 57 14 27 0 76 2
15   1   180     34 29 39 2 59 4 116 1 11 53 3 23 0
15   1   181    1884 3 0 11 84 73 0 0 1 11 0 0 6 0 0 169 3
15   1   182     0 16 16 99 0 52 99 72 15 16 88 123 46 186 13 6
15   1   183     0 33 0 0 39 24 11 35 15 7 43 27 160 12 24 65
15   1   184     10 32 0 3 0 20 11 6 16 20 56 0 1
15   1   185    1885 5 0 19 0 0 0 3 16 7 64 3 3 1 1 26 54
15   1   186     9 28 0 6 24 5 44 49 91 24 24 181 28 72 107 81
15   1   187     14 5 37 7 37 124 16 10 40 0 40 18 85 29 0 53
15   1   188     3 21 26 0 3 0 0 0 0 0 1 45 0
15   1   189    1886 36 11 8 8 2 22 18 0 0 7 0 0 0 0 0 9
15   1   190     0 1 127 5 5 36 13 48 7 6 16 13 4 3 47 84
15   1   191     12 62 64 25 41 90 111 13 35 25 13 28 1 46 17 3
15   1   192     34 115 1 30 4 0 55 19 9 28 25 0 0
15   1   193    1887 0 0 69 0 0 3 41 6 0 0 17 2 1 1 11 32
15   1   194     143 0 0 33 105 152 82 31 14 176 62 64 213 85 76 28
15   1   195     2 37 35 134 22 17 9 38 70 89 16 7 93 122 13 8
15   1   196     23 95 12 49 0 0 10 69 0 122 0 30 0
15   1   197    1888 0 1 11 21 4 0 0 0 0 7 2 6 10 0 4 0
15   1   198     8 0 1 0 80 26 54 2 33 55 42 20 184 1 14 50
15   1   199     171 114 32 78 0 54 95 7 76 2 0 4 29 38 28 0
15   1   200     0 0 0 12 53 0 0 0 0 1 13 1 13
15   1   201    1889 273 0 0 16 10 23 0 0 0 0 49 1 7 4 0 251
15   1   202     41 285 1 0 12 18 40 245 5 130 116 197 82 38 21 52
15   1   203     7 0 31 22 159 44 53 0 104 11 54 11 41 48 99 5
15   1   204     116 123 1 65 8 136 1 0 31 0 0 0 0
15   1   205    1890 0 1 1 13 48 189 4 0 0 0 55 0 1 0 2 0
15   1   206     70 0 0 30 0 0 52 91 21 1 151 157 81 6 82 195
15   1   207     143 49 35 97 112 80 4 98 41 14 66 7 23 65 21 46
15   1   208     51 52 84 33 59 38 89 0 1 0 0 12 7
15   1   209    1891 48 0 0 1 6 0 0 0 8 0 0 22 0 0 34 25
15   1   210     18 35 8 0 0 4 15 0 0 0 16 63 8 34 62 148
15   1   211     34 25 35 7 0 17 20 112 12 13 30 17 5 146 5 19
15   1   212     25 0 77 9 1 53 2 0 0 150 32 0 0
15   1   213    1892 0 9 0 153 0 0 0 0 21 1 0 0 0 15 61 4
15   1   214     35 0 59 62 32 8 33 30 106 38 39 74 99 17 0 153
15   1   215     49 15 2 44 85 38 37 51 50 78 0 54 77 53 15 34
15   1   216     124 83 44 0 1 22 22 10 2 91 14 0 9
15   1   217    1893 0 2 0 1 0 0 0 0 0 0 0 0 0 0 54 53
15   1   218     57 49 39 7 62 46 9 10 192 44 4 203 104 54 24 9
15   1   219     88 70 24 66 59 13 0 28 121 86 56 1 170 15 21 70
15   1   220     25 5 0 19 110 19 0 0 0 0 10 23 30
15   1   221    1894 0 8 60 0 0 0 0 0 0 1 0 0 26 107 25 0
15   1   222     0 2 215 45 16 0 61 20 30 205 15 5 14 23 18 15
15   1   223     207 83 0 32 33 32 53 77 93 47 21 2 31 1 49 111
15   1   224     56 79 0 21 2 0 0 0 0 6 2 120 9
15   1   225    1895 122 0 0 0 0 0 0 0 2 0 2 6 171 0 0 55
15   1   226     2 47 233 75 11 0 35 7 15 54 61 0 71 113 25 86
15   1   227     131 142 49 83 21 14 64 83 6 49 13 68 6 13 5 23
15   1   228     0 0 0 1 0 0 0 94 8 23 33 5 1
15   1   229    1896 0 0 104 49 0 0 10 0 22 0 0 0 39 0 5 62
15   1   230     191 5 29 12 46 22 40 38 0 114 0 19 95 85 2 93
15   1   231     13 16 5 28 0 27 2 5 61 9 14 20 2 0 5 6
15   1   232     22 0 1 0 0 4 0 48 0 1 0 0 146
15   1   233    1897 1 64 1 0 0 8 0 81 36 54 18 25 8 1 5 0
15   1   234     4 29 2 57 12 1 23 95 78 0 11 45 70 33 0 111
15   1   235     18 34 5 45 32 69 35 57 129 55 0 15 9 87 5 12
15   1   236     14 11 20 7 1 4 1 1 3 0 0 0 0
15   1   237    1898 9 0 0 0 0 0 17 0 0 40 1 0 2 0 0 159
15   1   238     3 121 48 10 23 0 317 38 0 69 99 143 18 22 9 15
15   1   239     76 68 51 86 28 8 1 27 137 11 6 21 14 0 56 3
15   1   240     12 19 116 0 4 1 81 33 38 0 0 15 0
15   1   241    1899 6 7 17 57 10 3 0 0 3 148 0 0 4 69 54 84
15   1   242     3 0 17 103 71 0 69 96 0 25 161 30 29 45 32 1
15   1   243     11 1 0 97 54 0 5 0 7 33 56 52 12 46 33 24
15   1   244     26 28 3 125 1 34 33 0 1 7 0 24 27
15   1   245    1900 0 3 0 23 32 9 0 0 0 53 36 1 127 65 1 153
15   1   246     19 132 43 29 0 18 131 22 70 13 0 110 76 156 6 50
15   1   247     33 1 44 70 62 163 46 49 53 8 53 34 20 1 12 2
15   1   248     0 36 14 0 17 40 0 0 30 1 0 0 8
15   1   249    1901 15 55 3 0 33 0 2 2 0 0 34 7 0 16 14 141
15   1   250     0 4 49 0 0 12 0 1 92 130 144 118 112 0 12 28
15   1   251     40 15 107 5 54 0 5 55 25 21 0 67 28 11 0 71
15   1   252     8 48 32 0 52 12 3 21 0 0 0 56 41
15   1   253    1902 47 7 1 5 11 7 0 3 0 25 0 0 0 15 85 0
15   1   254     13 0 0 24 7 81 6 0 12 42 139 75 133 0 0 30
15   1   255     12 20 52 55 21 1 0 58 23 4 79 49 12 26 11 82
15   1   256     7 20 32 9 39 7 0 0 49 26 179 2 0
15   1   257    1903 28 0 0 59 0 1 0 99 0 0 62 143 8 6 0 98
15   1   258     21 20 6 132 8 56 0 98 8 59 178 78 52 20 74 50
15   1   259     41 46 95 45 3 35 42 3 164 50 17 108 48 46 0 35
15   1   260     29 3 62 0 11 10 46 127 0 76 2 0 39
15   1   261    1904 148 0 0 84 22 0 2 1 6 18 0 0 26 14 0 0
15   1   262     0 0 194 7 1 98 58 57 0 86 18 47 131 81 161 7
15   1   263     111 8 101 0 16 37 21 66 58 21 20 18 11 0 46 27
15   1   264     118 20 0 51 0 10 3 1 0 0 0 0 0
15   1   265    1905 93 1 2 0 55 1 0 1 16 8 2 0 0 12 0 76
15   1   266     115 0 171 4 0 58 0 22 238 72 89 118 32 88 40 142
15   1   267     43 71 41 20 10 24 8 34 65 17 100 6 21 8 11 13
15   1   268     81 84 95 0 15 0 0 3 1 1 0 0 0
15   1   269    1906 0 0 0 0 0 0 0 0 7 23 0 4 0 163 51 16
15   1   270     0 2 18 53 9 74 78 0 49 157 78 79 88 103 25 2
15   1   271     53 130 52 76 107 4 71 158 73 45 57 21 134 51 75 34
15   1   272     0 8 23 2 11 198 28 7 5 2 146 1 0
15   1   273    1907 2 0 0 0 7 0 15 3 0 0 60 0 17 4 0 99
15   1   274     19 10 74 23 0 13 0 212 15 130 52 43 9 0 47 98
15   1   275     4 57 71 38 60 58 22 6 3 18 11 3 70 30 65 21
15   1   276     8 0 53 92 0 7 49 5 3 0 3 0 69
15   1   277    1908 0 0 0 0 0 35 41 3 0 1 119 86 38 0 25 10
15   1   278     0 49 9 0 69 92 173 17 35 1 157 106 228 41 26 63
15   1   279     8 26 5 8 7 5 56 127 98 50 36 58 46 35 26 2
15   1   280     325 7 0 10 0 15 8 2 0 1 0 71 0
15   1   281    1909 61 0 0 13 0 0 0 0 0 22 48 10 0 7 1 19
15   1   282     2 4 87 214 47 63 182 0 0 119 0 84 73 58 2 39
15   1   283     56 59 154 84 120 29 223 131 44 53 39 11 39 171 0 31
15   1   284     29 10 21 0 162 71 25 25 2 0 1 24 0
15   1   285    1910 0 0 0 2 0 5 1 0 0 0 372 38 0 0 0 0
15   1   286     2 0 0 4 7 26 119 37 245 7 29 5 107 162 21 53
15   1   287     95 70 157 22 39 2 43 56 22 59 125 81 13 26 45 26
15   1   288     48 15 18 74 3 35 11 52 1 6 23 53 0
15   1   289    1911 0 0 17 0 0 48 41 8 0 33 1 1 83 2 1 7
15   1   290     5 6 2 11 2 77 22 56 20 59 111 39 53 2 0 24
15   1   291     71 45 41 19 0 54 8 10 100 0 36 33 70 141 5 16
15   1   292     4 4 36 0 0 0 29 6 125 0 2 13 0
15   1   293    1912 21 0 0 0 0 0 8 0 23 7 0 46 0 18 3 82
15   1   294     74 11 9 0 0 34 0 1 5 79 3 70 7 266 81 53
15   1   295     55 10 43 64 46 3 0 56 94 69 42 79 21 17 45 48
15   1   296     3 0 0 106 1 82 12 23 114 23 0 0 0
15   1   297    1913 18 0 0 0 0 13 0 235 9 0 24 25 13 56 1 0
15   1   298     0 1 1 75 12 0 28 19 48 13 0 37 8 0 5 3
15   1   299     28 20 9 47 42 22 91 1 17 39 30 107 91 2 0 53
15   1   300     6 150 35 28 57 0 51 0 0 0 0 247 0
15   1   301    1914 0 0 2 0 105 9 14 0 0 20 0 89 0 0 19 45
15   1   302     6 35 85 5 15 5 75 0 34 7 12 47 1 3 3 44
15   1   303     45 0 48 3 1 2 7 0 22 32 10 0 18 0 0 0
15   1   304     0 7 9 3 9 22 171 0 0 14 23 22 0
15   1   305    1915 0 0 0 49 0 0 2 0 1 10 7 7 0 0 0 0
15   1   306     212 9 20 0 0 1 222 39 28 0 45 0 137 158 21 102
15   1   307     6 125 0 92 130 17 0 24 36 55 131 82 29 34 14 10
15   1   308     14 27 2 0 3 27 4 0 0 5 0 0 1
15   1   309    1916 46 14 3 0 7 6 23 0 0 0 0 0 0 0 48 20
15   1   310     5 29 19 77 0 0 52 4 0 194 57 28 150 390 116 118
15   1   311     1 128 66 72 42 142 53 49 42 6 5 0 157 1 61 44
15   1   312     10 70 8 66 69 95 53 2 11 138 2 0 17
15   1   313    1917 6 2 8 26 0 0 0 185 46 10 0 4 103 1 141 25
15   1   314     30 10 0 3 76 132 230 70 11 39 60 117 29 16 82 32
15   1   315     48 212 31 50 5 26 150 8 75 89 156 80 37 9 81 16
15   1   316     55 33 17 1 5 13 96 1 0 31 38 0 33
15   1   317    1918 23 0 35 0 2 0 1 0 17 0 42 0 6 0 2 44
15   1   318     0 0 12 32 0 83 99 95 51 8 33 32 117 89 70 57
15   1   319     108 0 27 0 140 0 99 1 69 8 7 0 6 0 196 27
15   1   320     9 20 20 0 0 14 0 2 3 33 0 25 0
15   1   321    1919 0 31 0 0 2 22 16 198 52 0 3 2 0 0 5 16
15   1   322     5 0 0 6 4 181 11 0 22 14 0 44 43 62 34 29
15   1   323     61 1 5 76 96 113 0 56 11 118 124 10 22 31 48 13
15   1   324     2 3 2 0 7 5 0 1 0 0 2 35 77
15   1   325    1920 0 0 20 0 0 1 2 0 0 3 68 70 6 0 0 6
15   1   326     1 32 0 1 22 84 143 4 0 357 57 98 101 77 46 93
15   1   327     78 42 35 12 87 30 55 121 36 67 63 19 1 5 21 117
15   1   328     0 144 4 22 74 13 0 121 16 0 17 2 176
15   1   329    1921 159 0 0 0 0 5 0 0 10 168 0 0 0 0 37 1
15   1   330     7 36 1 0 1 5 0 261 155 38 116 53 5 0 38 0
15   1   331     46 18 54 195 6 39 10 25 17 51 28 169 21 43 38 93
15   1   332     44 1 0 108 0 8 87 30 34 2 0 1 0
15   1   333    1922 135 85 2 0 0 0 0 0 5 0 0 0 0 13 0 87
15   1   334     2 2 3 57 99 115 15 0 104 109 11 30 9 59 90 219
15   1   335     63 106 9 30 36 124 57 8 0 1 2 50 97 35 23 28
15   1   336     0 78 17 8 0 0 0 0 3 102 52 106 34
15   1   337    1923 34 8 15 1 13 0 0 0 0 6 3 0 0 0 0 3
15   1   338     0 0 0 0 61 195 13 66 132 77 191 120 85 71 142 67
15   1   339     104 111 15 179 26 38 0 24 55 3 50 285 202 56 16 93
15   1   340     34 2 64 2 9 34 0 1 35 94 142 2 0
15   1   341    1924 11 25 0 20 15 2 5 117 137 3 108 0 0 0 99 0
15   1   342     74 23 34 13 11 3 12 163 54 67 163 83 23 34 1 1
15   1   343     12 16 26 23 19 105 3 70 7 43 137 79 55 27 21 7
15   1   344     114 52 9 94 60 4 27 2 1 0 3 0 27
15   1   345    1925 0 0 8 32 0 0 566 29 0 14 28 0 0 11 0 86
15   1   346     10 0 11 1 0 55 76 96 75 105 45 0 1 88 48 16
15   1   347     44 56 38 37 0 5 78 53 2 20 90 121 14 78 1 38
15   1   348     52 2 2 0 0 39 0 0 0 5 0 15 0
15   1   349    1926 0 2 0 0 0 0 33 0 1 70 0 0 1 0 0 26
15   1   350     9 42 42 87 184 25 0 143 74 37 21 3 81 30 0 7
15   1   351     29 46 89 134 39 49 13 102 119 23 13 55 122 19 160 72
15   1   352     0 0 0 65 2 12 0 3 43 6 29 58 0
15   1   353    1927 26 0 1 0 0 63 0 0 0 28 3 2 28 66 0 0
15   1   354     0 0 2 14 29 3 54 49 84 5 42 11 96 2 24 111
15   1   355     28 103 0 72 177 23 69 43 14 16 0 3 17 77 0 2
15   1   356     4 8 109 17 0 0 21 73 72 0 0 0 1
15   1   357    1928 0 3 0 90 8 146 0 105 0 0 0 4 0 85 16 4
15   1   358     0 3 0 90 52 23 51 0 58 20 73 117 64 78 0 32
15   1   359     109 23 108 7 1 3 5 47 30 51 25 0 31 99 119 19
15   1   360     18 24 29 49 0 0 0 0 12 0 0 9 3
15   1   361    1929 0 2 2 0 29 12 0 5 0 0 22 3 0 2 3 0
15   1   362     4 0 20 18 27 60 9 39 5 122 67 0 141 10 91 63
15   1   363     16 55 9 13 22 74 8 28 53 15 5 42 63 46 68 3
15   1   364     4 4 19 6 40 32 18 20 9 0 0 1 322
15   1   365    1930 2 0 0 0 0 0 4 0 39 0 0 3 0 0 2 14
15   1   366     11 0 55 17 0 92 22 0 0 2 12 10 0 87 175 49
15   1   367     51 26 91 101 101 108 36 19 51 29 59 77 53 4 69 4
15   1   368     137 42 28 11 11 65 4 1 35 0 3 53 0
15   1   369    1931 58 0 9 0 3 3 0 16 7 4 14 88 0 30 0 9
15   1   370     0 38 1 42 91 21 69 50 51 20 245 87 76 125 57 46
15   1   371     97 37 132 15 69 31 60 79 127 21 127 5 3 19 2 4
15   1   372     35 0 0 20 18 49 0 0 0 0 0 22 0
15   1   373    1932 0 15 0 0 0 78 15 19 28 0 0 51 18 0 71 202
15   1   374     132 92 4 42 0 17 0 100 0 195 6 235 89 45 55 25
15   1   375     39 31 70 44 78 129 0 35 53 35 16 56 34 54 28 101
15   1   376     15 73 25 4 0 0 22 4 6 0 4 14 0
15   1   377    1933 0 33 11 174 3 4 0 0 1 17 84 0 1 6 42 0
15   1   378     169 26 0 3 123 17 125 5 244 54 5 13 36 51 11 7
15   1   379     64 11 53 90 36 33 43 62 146 46 25 162 11 7 29 5
15   1   380     0 22 1 0 0 9 0 14 0 41 7 4 26
15   1   381    1934 42 4 0 0 0 0 1 13 0 0 0 0 23 22 21 25
15   1   382     50 31 45 0 0 1 0 0 8 48 11 23 0 22 24 49
15   1   383     1 28 2 89 45 180 31 30 40 114 82 109 28 70 33 69
15   1   384     44 38 0 357 16 1 7 39 2 54 4 0 48
15   1   385    1935 70 8 0 0 0 0 0 1 1 0 0 0 97 140 9 5
15   1   386     56 29 32 44 15 103 69 1 53 54 68 47 62 54 59 26
15   1   387     90 28 37 152 116 24 0 42 53 1 48 181 0 7 11 42
15   1   388     151 26 29 5 64 5 14 11 5 14 0 49 37
15   1   389    1936 40 99 0 4 2 0 0 3 77 2 0 5 0 2 0 1
15   1   390     89 0 31 0 17 50 36 0 0 189 17 28 29 44 45 15
15   1   391     62 15 82 72 27 69 14 54 8 0 24 22 20 18 25 14
15   1   392     99 4 84 10 0 41 0 3 51 29 252 10 0
15   1   393    1937 11 3 0 106 122 0 0 38 41 0 2 0 0 0 103 0
15   1   394     1 0 0 65 4 47 145 69 63 99 3 125 14 0 30 5
15   1   395     21 70 67 42 2 132 130 33 74 0 51 141 2 25 14 13
15   1   396     6 21 0 2 12 3 0 212 5 113 4 10 4
15   1   397    1938 21 0 22 0 18 61 8 12 96 68 8 3 0 0 2 3
15   1   398     0 393 10 175 18 7 33 0 32 81 31 59 7 46 38 0
15   1   399     11 69 63 39 70 25 2 138 23 35 10 18 2 0 10 0
15   1   400     0 15 45 13 9 0 0 28 0 13 0 6 30
15   1   401    1939 25 0 105 0 0 3 0 63 7 115 0 112 0 1 2 32
15   1   402     4 32 56 91 0 3 153 35 0 203 10 2 39 151 28 38
15   1   403     21 62 11 40 69 16 66 89 81 20 52 5 3 1 49 34
15   1   404     5 0 96 194 0 48 0 29 17 5 0 3 3
15   1   405    1940 96 0 0 4 20 0 0 7 11 20 0 0 0 32 0 29
15   1   406     56 60 0 121 98 9 23 9 5 20 22 6 30 3 18 116
15   1   407     74 24 34 62 34 31 1 45 37 0 56 16 26 32 11 2
15   1   408     6 30 2 25 95 0 55 0 3 2 83 10 5
15   1   409    1941 0 0 8 112 211 71 0 0 1 5 125 0 28 15 15 51
15   1   410     0 26 21 3 0 12 10 54 2 37 64 0 56 2 69 38
15   1   411     190 75 49 2 28 5 101 9 22 180 90 4 65 118 27 0
15   1   412     7 61 30 6 4 84 0 6 29 0 27 0 1
15   1   413    1942 0 0 0 97 64 0 15 0 1 5 2 0 1 0 28 33
15   1   414     0 0 6 147 230 37 82 14 88 48 68 140 81 135 87 39
15   1   415     0 88 33 0 68 102 8 33 166 39 150 59 53 2 54 0
15   1   416     21 0 39 68 0 3 43 15 35 0 4 10 3
15   1   417    1943 0 33 32 19 0 0 22 233 63 1 5 1 0 0 2 9
15   1   418     72 53 109 14 24 17 17 0 0 67 23 31 83 43 29 16
15   1   419     25 23 108 67 53 3 8 49 6 0 17 45 81 42 44 2
15   1   420     52 11 11 32 0 0 0 8 0 4 65 0 0
15   1   421    1944 13 5 0 0 0 0 61 8 0 9 8 55 0 0 0 36
15   1   422     106 12 11 26 204 121 27 37 24 0 18 34 14 0 65 96
15   1   423     3 38 2 33 4 10 13 1 4 3 26 15 15 77 40 0
15   1   424     17 40 26 85 32 1 25 0 14 64 23 112 0
15   1   425    1945 0 53 0 0 0 71 0 16 48 1 0 0 0 6 17 0
15   1   426     0 0 0 0 19 107 45 7 0 19 0 2 121 29 21 9
15   1   427     12 18 4 61 37 59 49 104 19 30 0 127 58 9 11 2
15   1   428     4 135 84 6 22 204 4 6 7 0 102 0 20
15   1   429    1946 6 0 118 29 4 14 3 8 274 2 7 39 127 0 4 1
15   1   430     4 8 88 38 5 0 168 0 36 73 106 29 11 2 36 13
15   1   431     84 79 98 36 0 88 30 32 3 4 66 20 39 4 1 51
15   1   432     9 47 0 7 40 28 1 49 45 3 5 110 27
15   1   433    1947 6 6 0 2 7 2 66 6 3 13 2 44 9 0 168 15
15   1   434     68 0 51 37 0 18 1 20 73 12 57 4 24 93 57 74
15   1   435     81 27 60 26 8 121 51 96 116 10 34 22 4 110 37 15
15   1   436     108 26 3 82 6 2 2 35 4 19 31 115 0
15   1   437    1948 13 1 0 0 0 1 0 0 5 16 26 1 0 0 0 0
15   1   438     239 129 94 4 125 36 72 1 62 22 83 0 63 26 10 22
15   1   439     2 33 59 31 0 18 79 113 51 24 0 0 9 11 1 205
15   1   440     12 0 214 79 34 5 0 0 0 0 62 30 17
15   1   441    1949 4 0 15 0 0 5 5 4 110 131 0 0 0 0 5 1
15   1   442     10 0 11 0 79 4 74 45 3 43 11 1 59 8 2 1
15   1   443     32 95 25 80 41 13 50 37 37 14 11 1 19 3 167 244
15   1   444     20 15 96 53 30 16 71 2 0 1 5 0 14
15   1   445    1950 0 4 0 0 0 86 0 0 1 1 1 0 0 0 23 0
15   1   446     12 0 0 0 1 1 50 0 146 307 16 0 0 95 38 36
15   1   447     0 18 12 28 70 4 63 1 72 0 4 75 21 22 77 41
15   1   448     39 83 5 62 2 11 0 22 0 3 4 42 7
15   1   449    1951 39 42 0 0 0 0 0 0 35 0 13 1 0 0 0 45
15   1   450     37 72 61 22 3 102 190 37 114 1 95 107 15 61 18 177
15   1   451     149 112 19 52 109 25 32 75 14 3 0 1 7 16 0 126
15   1   452     24 201 0 25 20 2 1 6 0 105 51 39 44
15   1   453    1952 12 0 0 32 93 0 17 7 0 0 0 4 3 0 0 0
15   1   454     14 101 31 117 2 57 98 139 75 127 17 50 34 37 31 8
15   1   455     65 11 0 14 41 26 16 65 1 6 10 51 8 42 1 22
15   1   456     59 3 67 18 35 96 21 161 40 10 0 0 5
15   1   457    1953 38 0 0 0 59 0 29 0 0 0 0 0 3 15 0 49
15   1   458     0 0 39 37 0 0 18 90 2 3 69 146 101 64 20 146
15   1   459     102 35 26 4 65 85 60 8 51 69 10 56 1 4 80 0
15   1   460     40 23 4 93 10 20 6 22 133 36 0 11 19
15   1   461    1954 0 0 0 0 70 0 0 0 0 0 0 0 13 34 0 0
15   1   462     33 245 0 174 22 7 3 36 2 78 74 37 8 1 78 56
15   1   463     31 24 43 6 61 35 2 26 46 15 6 29 1 0 54 0
15   1   464     23 79 7 18 19 4 24 0 24 126 0 0 0
15   1   465    1955 3 0 0 0 0 16 176 58 0 0 4 0 0 8 0 5
15   1   466     0 119 13 18 47 38 118 27 147 177 4 165 133 72 3 18
15   1   467     89 2 49 31 77 63 34 106 68 11 0 12 55 124 22 16
15   1   468     12 3 75 35 65 38 28 16 44 1 1 0 12
15   1   469    1956 22 0 13 115 0 0 19 0 0 0 107 2 0 15 0 19
15   1   470     118 156 85 81 0 5 149 98 116 76 105 52 71 187 122 93
15   1   471     42 46 49 36 9 69 30 64 59 48 76 25 56 15 6 22
15   1   472     76 5 42 20 8 24 9 0 10 19 22 0 13
15   1   473    1957 0 0 0 0 0 0 2 0 0 0 0 19 57 0 0 1
15   1   474     37 5 30 10 114 0 13 56 0 1 0 0 237 5 35 118
15   1   475     37 162 0 86 71 10 25 10 13 65 13 63 6 24 20 19
15   1   476     3 133 6 43 8 71 6 5 2 1 0 21 12
15   1   477    1958 0 0 0 2 20 7 0 0 17 0 0 28 0 2 73 0
15   1   478     3 60 0 0 33 14 133 28 158 0 13 1 2 4 4 26
15   1   479     120 100 42 31 84 86 29 30 8 62 134 71 21 11 66 87
15   1   480     52 37 0 9 10 4 3 7 0 14 6 5 0
15   1   481    1959 2 0 0 0 27 0 6 76 0 1 4 2 0 0 14 87
15   1   482     0 19 0 2 3 0 0 12 0 3 18 7 2 6 2 0
15   1   483     12 22 108 75 45 69 0 1 0 0 16 77 1 42 30 0
15   1   484     1 12 37 5 2 0 13 71 34 24 5 60 77
15   1   485    1960 0 0 38 0 0 103 1 84 0 0 43 25 0 16 0 14
15   1   486     6 21 60 118 67 58 190 0 97 76 35 111 1 2 20 33
15   1   487     24 58 3 26 15 102 3 4 15 162 99 44 55 3 29 3
15   1   488     44 0 9 5 347 16 11 0 0 0 4 0 7
15   1   489    1961 15 7 0 0 4 0 28 0 1 2 0 0 0 21 7 83
15   1   490     137 174 51 35 53 18 41 0 16 33 29 12 49 133 57 80
15   1   491     26 1 31 21 15 10 67 14 59 13 22 34 0 2 0 20
15   1   492     8 5 16 6 5 11 0 3 1 6 15 0 0
15   1   493    1962 0 5 42 8 1 0 0 4 84 0 4 0 13 3 72 0
15   1   494     0 1 0 8 62 13 64 127 106 90 47 13 25 19 42 0
15   1   495     0 29 73 103 26 9 42 47 19 14 8 7 1 37 75 44
15   1   496     94 36 1 24 4 0 25 0 19 6 0 2 198
15   1   497    1963 13 4 273 1 23 1 7 2 0 0 0 0 0 0 3 0
15   1   498     0 0 0 181 6 0 237 39 218 125 131 80 71 1 59 78
15   1   499     95 52 87 61 32 49 16 141 6 33 68 19 5 18 0 0
15   1   500     0 10 175 11 7 0 0 6 5 1 0 1 4
15   1   501    1964 0 27 7 0 0 7 22 0 0 4 3 0 0 6 0 0
15   1   502     88 3 129 12 95 5 6 0 92 30 0 5 71 18 79 12
15   1   503     180 76 60 36 35 44 4 37 29 69 24 45 17 131 93 81
15   1   504     2 10 13 123 0 265 16 23 1 2 2 53 0
15   1   505    1965 0 0 0 6 3 0 0 0 0 0 8 23 6 0 0 24
15   1   506     0 38 43 0 0 71 106 51 23 65 1 0 90 1 39 0
15   1   507     106 21 34 19 18 76 80 23 4 59 4 41 1 11 2 13
15   1   508     0 0 0 11 42 0 44 5 94 13 1 11 5
15   1   509    1966 0 0 9 2 3 0 0 54 0 0 0 0 52 51 0 0
15   1   510     2 5 13 6 138 46 0 29 6 98 0 99 76 24 53 22
15   1   511     54 59 167 9 11 57 27 41 19 2 32 84 60 68 30 19
15   1   512     6 1 70 10 36 0 0 53 200 4 28 1 13
15   1   513    1967 0 0 62 0 2 0 0 11 0 132 7 0 1 3 1 25
15   1   514     0 13 0 2 0 24 14 29 0 57 1 2 0 0 51 4
15   1   515     14 78 9 65 29 88 59 31 9 29 12 40 0 16 31 12
15   1   516     0 0 0 0 0 3 2 0 0 19 17 0 7
15   1   517    1968 7 0 18 111 0 0 0 0 154 21 3 2 42 36 101 0
15   1   518     0 2 73 77 172 5 4 101 161 34 94 46 76 0 59 23
15   1   519     11 53 36 41 82 74 62 53 14 5 6 3 36 88 146 2
15   1   520     15 56 0 135 6 22 32 3 45 0 0 124 0
15   1   521    1969 0 0 16 0 15 0 334 1 60 0 0 6 33 15 7 1
15   1   522     5 66 55 0 7 10 54 86 108 108 83 0 25 49 53 47
15   1   523     70 101 12 67 38 15 0 27 61 77 98 7 32 0 0 0
15   1   524     0 0 4 73 0 4 0 81 39 5 0 13 0
15   1   525    1970 84 6 23 0 0 0 0 0 1 0 5 14 0 7 8 9
15   1   526     24 0 122 71 70 31 65 50 30 53 43 42 40 52 58 66
15   1   527     30 82 7 40 20 44 26 119 41 17 11 51 74 75 7 8
15   1   528     8 4 4 11 9 128 2 0 99 6 1 0 3
15   1   529    1971 15 0 4 0 9 2 1 0 0 0 19 17 62 3 46 0
15   1   530     0 158 135 310 153 43 8 32 114 79 53 23 43 54 2 1
15   1   531     25 51 35 67 25 195 3 52 63 86 35 11 105 43 10 19
15   1   532     30 25 33 134 5 64 26 0 5 66 0 18 9
15   1   533    1972 13 152 0 4 0 0 0 135 51 0 0 0 5 0 0 0
15   1   534     52 0 62 105 0 0 43 14 0 4 0 0 0 41 90 107
15   1   535     94 46 10 33 32 94 30 0 50 106 39 5 3 0 15 41
15   1   536     30 0 6 20 46 0 0 0 4 0 4 0 170
15   1   537    1973 0 0 17 0 2 83 198 0 4 1 0 6 114 13 9 4
15   1   538     0 37 169 24 48 44 65 15 75 69 87 121 20 22 0 0
15   1   539     237 47 89 12 125 22 23 24 66 43 51 13 68 2 0 52
15   1   540     248 3 21 2 72 0 0 35 37 0 48 14 61
15   1   541    1974 0 0 27 0 76 339 0 0 35 0 0 0 1 5 22 17
15   1   542     120 4 25 48 24 109 94 41 8 14 17 0 42 23 75 179
15   1   543     49 72 38 72 17 57 22 29 50 18 31 74 69 62 138 7
15   1   544     154 120 24 1 14 0 0 0 0 11 8 9 28
15   1   545    1975 6 29 6 0 68 0 0 2 23 5 18 0 50 163 64 72
15   1   546     26 0 0 3 8 142 108 3 90 43 2 5 0 21 2 57
15   1   547     117 51 3 157 43 20 14 40 0 23 18 73 25 64 114 38
15   1   548     31 72 54 38 9 1 17 0 13 6 2 0 1
15   1   549    1976 0 50 0 5 1 0 7 0 41 204 2 0 0 2 1 6
15   1   550     0 66 0 29 0 0 20 36 38 65 41 34 2 28 69 16
15   1   551     3 0 0 47 12 42 8 79 1 2 35 14 12 39 129 8
15   1   552     21 16 0 66 2 6 8 17 19 6 31 58 0
15   1   553    1977 6 0 195 14 6 0 0 13 28 0 0 0 21 9 92 8
15   1   554     72 8 13 0 0 63 2 35 24 80 6 36 51 31 30 1
15   1   555     2 2 75 38 15 17 9 6 43 35 119 0 0 61 15 53
15   1   556     49 6 31 0 46 0 1 47 36 0 4 9 8
