16   1     1    1 27.3 25.3 47.4 40.29 20.35 39.36 12.7 30.3 57.0 7.86 27.89 64.24
16   1     2    2 31.2 25.4 43.4 43.67 19.38 36.95 11.6 31.6 56.8 7.06 25.56 67.38
16   1     3    3 25.0 26.6 48.4 43.88 22.47 33.65 9.9 33.3 56.8 8.28 32.25 68.48
16   1     4    4 30.1 27.4 42.6 50.12 18.14 31.74 19.3 35.1 45.6 2.96 29.68 67.36
16   1     5    5 33.6 25.1 41.4 53.07 15.56 31.37 18.4 33.1 48.5 12.36 33.68 53.97
16   1     6    6 34.9 24.2 40.7 41.99 19.79 38.22 25.7 25.4 49.0 8.04 26.56 64.44
16   1     7    7 25.2 28.4 46.4 31.42 23.58 45.00 15.0 30.0 55.0 12.18 28.66 59.16
16   1     8    8 23.6 31.4 44.8 27.40 25.60 47.00 13.2 31.5 55.3 1.01 39.27 59.72
16   1     9    9 33.4 30.3 36.5 18.08 31.46 50.46 16.1 28.9 55.0 3.50 29.20 67.30
16   1    10    10 36.4 28.3 35.7 26.90 27.04 46.06 13.8 31.7 54.5 0.46 24.42 75.12
16   1    11    11 36.4 29.8 33.7 27.92 30.72 41.36 6.9 45.1 44.3 6.06 27.86 66.56
16   1    12    12 20.7 36.7 42.6 44.96 25.28 29.76 13.1 37.6 49.3 22.05 30.82 47.12
16   1    13    1 16.1 24.2 59.7 10.4 27.8 61.8 19.0 33.5 47.5 15.5 34.4 50.2
16   1    14    2 15.6 27.2 57.2 10.9 31.0 58.1 27.0 31.1 42.0 19.9 28.3 51.8
16   1    15    3 14.2 26.8 59.0 12.0 33.9 54.1 30.0 29.6 40.4 14.2 33.5 51.8
16   1    16    4 6.8 23.9 69.3 8.7 32.2 59.1 24.3 34.5 41.2 14.8 34.9 50.3
16   1    17    5 9.8 47.9 42.3 23.9 21.2 54.6 33.2 29.6 37.2 20.8 31.9 47.3
16   1    18    6 14.3 30.4 55.3 18.3 27.6 54.1 27.5 37.6 34.9 11.9 38.8 49.2
16   1    19    7 12.3 34.4 53.3 16.6 28.0 55.4 24.2 38.6 37.2 8.6 39.2 52.2
16   1    20    8 12.7 32.8 54.5 13.6 29.4 57.0 18.0 41.8 40.2 4.7 39.0 56.3
16   1    21    9 14.2 33.6 52.2 2.8 28.6 68.6 16.2 39.6 44.2 4.9 40.7 54.4
16   1    22    10 11.9 32.6 55.5 9.3 24.8 65.9 3.8 34.1 61.9 2.6 36.6 60.8
16   1    23    11 5.6 36.2 58.2 22.5 27.3 50.2 1.0 39.1 59.9 3.9 42.8 52.3
16   1    24    12 5.6 33.4 61.0 8.2 34.4 57.4 0 30.1 69.9 4.4 40.8 54.8
16   1    25    1 21.4 27.8 50.8 19.4 25.1 55.5 39.4 25.5 35.6 32.3 32.7 35.0
16   1    26    2 22.2 30.8 47.0 19.5 27.5 53.0 39.8 23.6 36.6 34.5 21.2 44.3
16   1    27    3 20.5 31.1 48.4 20.5 33.0 46.5 35.9 25.5 38.6 36.4 20.3 43.3
16   1    28    4 28.3 29.4 42.3 24.0 27.5 48.5 35.1 25.6 38.8 33.9 21.5 44.6
16   1    29    5 25.6 32.6 41.8 15.3 32.7 52.0 40.9 24.8 34.3 30.7 24.6 45.2
16   1    30    6 18.2 37.0 44.8 15.4 35.7 48.9 42.6 23.6 33.8 20.6 28.6 50.8
16   1    31    7 20.2 30.3 49.3 9.1 39.4 51.5 41.4 25.8 32.8 13.4 35.8 50.8
16   1    32    8 19.8 36.5 43.8 12.1 34.9 53.0 36.3 26.9 36.8 19.8 30.4 48.3
16   1    33    9 18.7 35.5 45.8 13.0 36.8 50.0 34.6 28.6 36.6 24.6 30.1 45.3
16   1    34    10 30.2 40.0 29.8 16.8 29.4 53.7 27.1 35.1 36.8 34.1 28.1 37.8
16   1    35    11 29.5 36.0 34.5 13.5 31.5 55.0 33.1 34.6 32.3 33.6 29.1 37.3
16   1    36    12 18.9 36.1 45.0 3.2 44.4 52.4 38.4 32.5 29.1 26.7 37.7 35.6
16   1    37    1 35.74 25.00 39.25 35.2 19.0 45.8 37.8 21.3 40.9 30.4 28.7 40.9
16   1    38    2 44.20 18.50 37.30 37.7 21.0 41.3 41.7 19.4 38.9 30.2 25.0 44.8
16   1    39    3 42.30 19.56 38.14 36.7 21.0 42.3 41.8 19.3 38.9 22.8 29.9 47.3
16   1    40    4 38.11 22.06 39.83 35.1 22.1 42.8 32.0 24.6 43.4 23.4 32.5 44.1
16   1    41    5 39.60 22.40 38.01 35.7 22.5 41.8 33.5 23.9 42.6 32.6 30.1 37.3
16   1    42    6 42.48 20.10 37.42 32.5 27.0 40.5 44.2 19.1 36.7 30.2 32.0 37.8
16   1    43    7 46.26 20.41 33.33 30.4 28.1 41.5 43.5 21.4 35.1 35.2 28.6 36.2
16   1    44    8 48.70 19.37 31.94 28.8 30.1 41.1 31.9 28.9 39.2 33.3 32.6 34.1
16   1    45    9 49.96 17.43 32.61 20.2 35.3 44.5 40.6 27.2 32.2 29.9 28.8 41.3
16   1    46    10 54.96 15.26 29.78 23.1 35.9 41.0 48.0 22.4 29.6 21.9 41.0 37.1
16   1    47    11 58.44 12.07 29.50 19.2 43.3 37.5 46.8 24.5 28.7 13.1 47.3 39.6
16   1    48    12 60.65 12.95 26.40 20.5 42.5 37.0 52.0 21.2 26.8 11.1 45.1 43.8
16   1    49    1 40.3 16.1 43.6 27.0 28.2 44.8 32.8 18.0 49.2 26.2 26.1 47.7
16   1    50    2 40.0 16.0 43.9 35.9 26.0 38.1 29.3 18.6 52.1 21.8 27.6 50.6
16   1    51    3 35.7 17.2 47.0 28.2 25.2 46.6 36.2 18.4 45.3 27.1 23.6 49.2
16   1    52    4 32.2 19.8 48.0 30.9 28.5 40.6 39.4 18.8 41.8 38.1 22.7 39.1
16   1    53    5 28.8 23.0 48.2 35.9 33.3 30.8 24.8 26.3 48.9 32.5 30.9 36.6
16   1    54    6 34.9 20.8 44.2 37.9 30.3 31.8 23.2 26.3 50.5 29.5 34.9 35.6
16   1    55    7 34.6 19.9 45.6 36.9 34.0 29.1 18.6 28.0 53.4 20.4 40.5 39.1
16   1    56    8 41.8 17.2 41.1 33.1 38.6 28.3 21.6 30.8 47.6 2.6 39.2 58.2
16   1    57    9 41.8 18.7 39.5 39.6 31.7 28.7 0.0 35.1 64.9 0.8 51.3 47.9
16   1    58    10 44.0 18.6 37.3 33.4 39.0 27.6 27.2 31.6 41.2 3.1 48.1 48.8
16   1    59    11 33.6 29.6 36.8 18.9 53.8 27.3 37.3 24.0 38.6 8.4 46.2 45.4
16   1    60    12 5.4 44.0 50.6 8.9 57.8 32.8 33.2 26.8 40.0 13.2 34.8 52.0
