18   1     1    1 1 46.2 36.0 47.3 40.8 30.9 34.9 39.8 48.1 35.6 48.8 45.2
18   1     2    -9999 2 30.3 27.6 40.9 32.2 33.7 26.6 26.1 34.2 25.4 35.4 48.7
18   1     3    2 1 40.0 48.9 48.7 44.5 30.3 40.1 46.4 42.3 34.0 41.9 34.1
18   1     4    -9999 2 35.9 32.8 36.5 37.7 34.3 35.1 36.2 37.7 28.4 28.4 39.8
18   1     5    3 1 41.9 40.7 44.0 40.7 32.3 37.0 44.3 41.8 41.4 41.5 29.7
18   1     6    -9999 2 34.0 36.6 40.0 30.1 38.6 30.0 28.7 34.5 34.6 34.7 32.8
18   1     7    4 1 41.1 40.4 39.9 41.1 31.9 43.0 42.0 40.3 42.2 50.7 33.4
18   1     8    -9999 2 48.3 49.6 40.4 43.0 49.0 49.1 39.6 44.5 42.2 38.2 59.6
18   1     9    5 1 48.6 50.2 51.2 47.0 42.8 46.6 46.7 48.3 47.1 48.8 38.3
18   1    10    -9999 2 44.3 45.1 44.4 44.7 52.1 42.0 41.8 46.0 46.3 37.1 54.9
18   1    11    6 1 43.7 41.0 44.4 44.6 35.7 50.3 44.5 42.5 48.6 48.5 35.8
18   1    12    -9999 2 37.0 31.3 34.1 29.7 39.1 36.1 32.4 33.4 38.3 36.7 39.9
18   1    13    7 1 47.0 46.4 46.3 47.1 36.8 54.6 43.0 43.7 43.7 45.1 36.1
18   1    14    -9999 2 38.3 35.4 42.6 38.3 45.4 34.0 44.6 38.6 41.9 44.0 54.3
18   1    15    8 1 48.0 47.9 49.9 48.2 40.6 49.5 46.4 47.7 48.9 47.0 37.1
18   1    16    -9999 2 40.1 38.6 38.1 39.8 46.0 39.4 41.6 41.4 39.2 39.5 52.2
