20   1     1    1821 -217 1861 -83 1901 384 1941 141
20   1     2    1822 -177 1862 -104 1902 415 1942 150
20   1     3    1823 -166 1863 -93 1903 421 1943 157
20   1     4    1824 -136 1864 -88 1904 402 1944 143
20   1     5    1825 -110 1865 -75 1905 392 1945 138
20   1     6    1826 -95 1866 -80 1906 387 1946 137
20   1     7    1827 -64 1867 -101 1907 391 1947 151
20   1     8    1828 -37 1868 -156 1908 396 1948 151
20   1     9    1829 -14 1869 -226 1909 400 1949 136
20   1    10    1830 -25 1870 -293 1910 391 1950 111
20   1    11    1831 -51 1871 -333 1911 361 1951 105
20   1    12    1832 -62 1872 -347 1912 328 1952 105
20   1    13    1833 -73 1873 -329 1913 296 1953 110
20   1    14    1834 -88 1874 -279 1914 282 1954 104
20   1    15    1835 -113 1875 -205 1915 269 1955 92
20   1    16    1836 -120 1876 -131 1916 256 1956 96
20   1    17    1837 -83 1877 -86 1917 225 1957 115
20   1    18    1838 -33 1878 -59 1918 202 1958 144
20   1    19    1839 -19 1879 -48 1919 193 1959 126
20   1    20    1840 21 1880 -35 1920 205 1960 131
20   1    21    1841 17 1881 -30 1921 201 1961 112
20   1    22    1842 44 1882 -12 1922 178 1962 119
20   1    23    1843 44 1883 11 1923 139 1963 139
20   1    24    1844 78 1884 57 1924 130 1964 183
20   1    25    1845 88 1885 92 1925 101 1965 206
20   1    26    1846 122 1886 86 1926 67 1966 231
20   1    27    1847 126 1887 53 1927 22 1967 244
20   1    28    1848 114 1888 26 1928 2 1968 239
20   1    29    1849 85 1889 6 1929 12 1969 263
20   1    30    1850 64 1890 -12 1930 26 1970 273
20   1    31    1851 55 1891 -35 1931 21  
20   1    32    1852 51 1892 -31 1932 10  
20   1    33    1853 40 1893 0 1933 -11
20   1    34    1854 30 1894 36 1934 -12
20   1    35    1855 14 1895 54 1935 -15
20   1    36    1856 1 1896 65 1936 6
20   1    37    1857 1 1897 104 1937 22
20   1    38    1858 -4 1898 166 1938 51
20   1    39    1859 -13 1899 248 1939 78
20   1    40    1860 -56 1900 318 1940 111
