21   1     1    1 38 2.44174 9.0 37 6.16574 16.5 155
21   1     2    2 42 4.49679 11.5 43 9.76465 12.5 120
21   1     3    3 36 8.93193 20.0 35 9.58292 13.0 73
21   1     4    4 45 3.87620 44.0 43 4.14237 12.5 27
21   1     5    5 37 0.46529 16.5 36 4.97004 20.0 39
21   1     6    6 39 3.56775 44.0 55 4.49999 970.0 125
21   1     7    7 46 5.88302 10.5 45 6.28243 44.0 92
21   1     8    8 37 6.62825 16.5 38 7.30228 9.0 106
21   1     9    9 48 4.86427 28.0 49 6.48760 43.0 3
21   1    10    10 42 2.41571 11.5 44 10.3503 9.5 175
21   1    11    11 37 7.02915 16.5 38 11.0947 9.0 50
21   1    12    12 47 7.61620 12.5 51 13.6702 40.0 70
21   1    13    13 47 6.35220 12.5 46 10.1908 10.5 43
21   1    14    14 44 3.78154 9.5 46 7.57606 10.5 6
21   1    15    15 45 4.39004 44.0 43 5.66480 12.5 16
21   1    16    16 40 6.95931 67.0 41 8.19752 9.5 61
21   1    17    17 45 2.64569 44.0 43 4.55482 12.5 2
21   1    18    18 42 4.49679 11.5 43 9.76465 12.5 120
21   1    19    19 38 4.82249 9.0 36 5.95545 20.0 107
21   1    20    20 36 14.2331 20.0 35 14.4627 13.0 63
21   1    21    21 55 0.70711 970.0 54 0.93263 18.0 49
21   1    22    22 55 0.26926 970.0 54 1.76161 18.0 4
21   1    23    23 55 1.34272 970.0 54 2.67972 18.0 20
21   1    24    24 55 1.86681 970.0 54 3.18760 18.0 17
21   1    25    25 55 3.54158 970.0 56 4.63789 9.5 76
21   1    26    26 41 8.71678 9.5 42 15.3585 11.5 67
21   1    27    27 56 6.16198 9.5 55 11.8746 970.0 21
21   1    28    28 56 10.7765 9.5 43 11.5823 12.5 162
21   1    29    29 52 1.27283 9.5 34 10.7225 24.0 46
21   1    30    30 53 7.21000 13.5 38 7.31921 9.0 86
21   1    31    31 53 7.21000 13.5 38 7.32918 9.0 86
21   1    32    32 53 3.19690 13.5 38 10.5987 9.0 69
21   1    33    33 50 8.21913 11.0 49 9.38855 43.0 5
