22   1     1    I-1 -9999 464 174 1.260 0.026 0.942 0.031 15.00 0.63 0
22   1     2    I-2 -9999 437 161 0.251 0.034 -0.107 0.015 15.11 0.82 0
22   1     3    I-10 -9999 318 76 -0.065 0.050 -0.120 0.026 15.47 0.02 24
22   1     4    I-13 -9999 252 105 0.788 0.028 0.354 0.025 14.65 0.53 0
22   1     5    I-14 -9999 235 108 -0.036 0.028 -0.013 0.023 14.74 0.73 99
22   1     6    I-21 -9999 224 36 0.038 0.024 -0.011 0.037 15.23 0.10 99
22   1     7    I-22 -9999 245 32 0.050 0.060 -0.074 0.039 15.41 0.72 92
22   1     8    I-38 -9999 154 67 0.057 0.040 0.017 0.028 15.15 0.17 99
22   1     9    I-40 -9999 168 36 0.008 0.019 0.029 0.023 14.78 0.73 99
22   1    10    I-67 B117 152 13 -0.049 0.019 0.004 0.026 13.32 0.92 99
22   1    11    I-68 -9999 157 2 -0.010 0.030 0.021 0.027 14.61 0.75 99
22   1    12    II-2 -9999 405 370 0.219 0.039 -0.219 0.031 14.66 0.58 0
22   1    13    II-5 -9999 344 351 -2.488 0.024 0.594 0.035 12.08 0.83 0
22   1    14    II-6 -9999 474 328 0.052 0.048 -0.035 0.040 15.14 0.75 99
22   1    15    II-12 -9999 245 240 0.019 0.032 -0.038 0.030 14.68 0.80 99
22   1    16    II-18 -9999 335 229 -0.551 0.029 -4.949 0.028 14.04 0.92 0
22   1    17    II-23 -9999 153 250 -0.044 0.039 0.012 0.031 15.24 0.13 99
22   1    18    II-24 -9999 163 229 0.004 0.021 -0.018 0.024 14.54 0.78 99
22   1    19    II-25 -9999 212 216 0.667 0.019 -0.769 0.054 15.25 0.66 0
22   1    20    II-28 -9999 162 206 -0.006 0.043 0.013 0.021 15.10 0.45 99
22   1    21    II-39 -9999 158 169 0.001 0.015 -0.044 0.027 14.38 0.82 99
22   1    22    II-53 B106 63 95 0.014 0.030 -0.059 0.021 12.35 1.18 99
22   1    23    II-66 -9999 112 179 -0.040 0.030 -0.061 0.031 15.02 0.09 99
22   1    24    II-70 B112 102 152 -0.023 0.025 -0.004 0.018 13.10 0.99 99
22   1    25    II-77 -9999 144 135 0.034 0.012 -0.054 0.022 14.21 0.74 99
22   1    26    II-89 B111 93 143 0.004 0.013 0.021 0.025 14.03 0.78 99
22   1    27    II-120 -9999 127 76 -0.041 0.020 0.006 0.020 14.59 0.74 99
22   1    28    II-121 B114 120 78 -0.006 0.020 -0.035 0.033 13.79 0.71 99
22   1    29    III-4 -9999 139 389 0.046 0.025 -0.007 0.013 14.18 0.73 99
22   1    30    III-11 -9999 132 281 0.023 0.036 0.026 0.026 15.23 0.69 99
22   1    31    III-12 -9999 162 288 0.759 0.029 -0.655 0.033 13.29 0.77 0
22   1    32    III-13 -9999 160 279 0.113 0.025 -0.001 0.092 12.03 1.33 62
22   1    33    III-65 B108 76 153 -0.016 0.023 0.014 0.030 12.49 1.19 99
22   1    34    III-81 B81 16 166 0.035 0.015 0.028 0.014 14.37 0.65 99
22   1    35    III-82 B70 9 153 -0.065 0.020 0.021 0.024 13.33 0.97 99
22   1    36    III-88 -9999 43 136 -0.101 0.025 -0.048 0.017 14.75 0.72 86
22   1    37    III-96 -9999 44 118 -0.004 0.027 -0.020 0.025 15.08 0.69 99
22   1    38    III-98 -9999 31 125 0.018 0.015 -0.022 0.011 14.50 0.73 99
22   1    39    III-109 -9999 0 142 -0.018 0.038 0.027 0.021 14.93 0.72 99
22   1    40    IV-2 B6 -88 421 -0.024 0.024 -0.024 0.026 13.58 0.91 99
22   1    41    IV-10 B5 -101 361 -0.023 0.015 0.033 0.013 13.42 0.95 99
22   1    42    IV-13 -9999 -33 346 0.005 0.062 0.080 0.057 15.38 0.69 97
22   1    43    IV-17 -9999 -70 292 -0.083 0.033 -0.041 0.042 15.51 0.03 97
22   1    44    IV-27 -9999 -5 251 -0.011 0.035 -0.061 0.048 15.20 0.18 99
22   1    45    IV-40 -9999 -74 217 0.024 0.021 0.017 0.019 13.94 0.80 99
22   1    46    IV-78 -9999 -76 140 0.037 0.024 0.043 0.025 15.15 0.18 99
22   1    47    IV-79 B12 -70 134 -0.029 0.014 0.036 0.010 13.47 0.92 99
22   1    48    IV-87 -9999 -12 149 -0.089 0.024 0.068 0.028 15.10 0.70 51
22   1    49    IV-94 B36 -15 125 -0.038 0.028 -0.043 0.020 13.06 0.96 99
22   1    50    IV-99 -9999 -37 124 -0.116 0.024 0.014 0.041 15.12 0.15 61
22   1    51    IV-114 -9999 -81 320 0.001 0.021 -0.039 0.030 13.87 0.87 99
22   1    52    V-2 -9999 -336 353 0.697 0.017 1.004 0.014 13.50 1.05 0
22   1    53    V-7 V14 -315 246 0.661 0.027 1.270 0.042 14.63 -9999 0
22   1    54    V-44 -9999 -207 127 0.112 0.038 0.028 0.051 15.30 0.70 63
22   1    55    V-45 -9999 -190 152 0.130 0.033 -0.018 0.026 12.83 1.04 13
22   1    56    V-55 -9999 -176 112 -0.010 0.036 0.007 0.040 15.30 0.16 99
22   1    57    V-69 -9999 -137 136 -0.011 0.026 0.050 0.018 14.60 0.76 99
22   1    58    V-78 -9999 -117 141 0.003 0.021 0.005 0.022 14.48 0.60 99
22   1    59    V-117 -9999 -93 90 -0.017 0.029 0.073 0.020 15.30 0.05 97
22   1    60    VI-2 -9999 -365 181 0.140 0.037 0.374 0.048 15.45 0.68 0
22   1    61    VI-3 -9999 -323 175 0.042 0.053 0.045 0.045 15.33 0.09 99
22   1    62    VI-6 -9999 -438 155 1.438 0.030 -0.365 0.019 13.16 0.84 0
22   1    63    VI-7 ZNG4 -419 98 0.069 0.019 -0.104 0.028 13.58 0.69 15
22   1    64    VI-10 -9999 -478 8 -0.046 0.058 0.057 0.029 15.24 0.13 98
22   1    65    VI-18 -9999 -324 34 -0.031 0.019 -0.004 0.018 13.77 0.86 99
22   1    66    VI-36 -9999 -258 55 0.039 0.027 -0.128 0.033 15.47 0.71 6
22   1    67    VI-55 -9999 -207 86 -0.006 0.019 -0.013 0.035 15.25 -0.04 99
22   1    68    VI-61 -9999 -182 71 0.045 0.035 0.044 0.019 15.31 0.14 99
22   1    69    VI-67 -9999 -179 54 0.017 0.045 -0.042 0.046 15.14 0.23 99
22   1    70    VI-74 -9999 -207 6 0.623 0.026 -0.333 0.021 14.25 0.56 0
22   1    71    VII-1 -9999 -508 -49 0.173 0.040 1.339 0.026 14.58 0.89 0
22   1    72    VII-5 -9999 -459 -180 0.097 0.060 -0.812 0.026 15.08 0.66 0
22   1    73    VII-10 -9999 -363 -31 -0.030 0.023 0.010 0.023 13.70 0.84 99
22   1    74    VII-12 -9999 -366 -167 0.369 0.021 -0.990 0.033 14.70 0.77 0
22   1    75    VII-15 -9999 -341 -71 -0.124 0.034 -0.032 0.046 15.04 0.74 48
22   1    76    VII-18 -9999 -329 -112 -0.037 0.038 -0.024 0.014 12.19 1.30 99
22   1    77    VII-36 -9999 -248 -31 -0.051 0.025 0.008 0.023 15.38 0.09 99
22   1    78    VII-39 -9999 -257 -37 0.065 0.037 0.071 0.026 14.48 0.74 92
22   1    79    VII-66 -9999 -206 -105 -0.050 0.033 -0.036 0.036 15.09 0.72 99
22   1    80    VII-67 N15 -215 -113 -0.004 0.024 0.046 0.036 14.70 0.72 99
22   1    81    VII-68 -9999 -170 -7 0.020 0.021 0.026 0.024 14.26 0.73 99
22   1    82    VII-79 -9999 -179 -86 0.005 0.020 0.023 0.014 14.21 0.73 99
22   1    83    VII-80 -9999 -171 -92 0.017 0.015 0.011 0.012 13.92 0.71 99
22   1    84    VII-102 -9999 -133 -8 0.064 0.036 0.031 0.037 15.33 0.06 99
22   1    85    VII-122 B4 -110 -47 0.040 0.029 0.005 0.034 12.29 1.18 99
22   1    86    VII-123 -9999 -119 -47 0.062 0.028 -0.007 0.032 14.32 0.76 99
22   1    87    VIII-10 -9999 -224 -282 0.522 0.029 2.121 0.035 15.08 1.37 0
22   1    88    VIII-12 -9999 -267 -232 -0.052 0.022 -0.004 0.015 14.76 0.71 99
22   1    89    VIII-15 -9999 -230 -269 0.151 0.027 1.047 0.027 14.28 0.67 0
22   1    90    VIII-24 -9999 -188 -136 0.015 0.014 -0.046 0.017 14.13 0.74 99
22   1    91    VIII-30 -9999 -171 -153 -0.017 0.049 0.019 0.035 15.29 0.04 99
22   1    92    VIII-43 -9999 -127 -202 -0.024 0.019 0.003 0.021 14.62 0.75 99
22   1    93    VIII-44 -9999 -133 -187 0.024 0.020 0.035 0.016 14.06 0.83 99
22   1    94    IX-2 -9999 -139 -371 -0.035 0.031 0.040 0.036 14.69 0.77 99
22   1    95    IX-5 ZNG3 -104 -413 -0.334 0.016 0.148 0.029 13.14 0.61 0
22   1    96    IX-6 -9999 -90 -425 -0.040 0.035 0.002 0.031 14.65 0.82 99
22   1    97    IX-10 -9999 -43 -368 -0.028 0.023 0.057 0.016 14.64 0.74 99
22   1    98    IX-12 -9999 -163 -280 -0.040 0.019 0.034 0.024 14.54 0.59 99
22   1    99    IX-13 NH -127 -243 0.021 0.015 -0.004 0.015 14.03 0.85 99
22   1   100    IX-30 -9999 -17 -306 0.415 0.021 0.004 0.019 14.07 0.80 0
22   1   101    IX-31 -9999 -32 -263 0.387 0.034 0.018 0.037 15.09 1.11 0
22   1   102    IX-49 B8 -79 -179 0.011 0.019 0.025 0.016 13.89 0.84 99
22   1   103    IX-77 -9999 -20 -146 -0.036 0.024 0.033 0.024 14.19 0.79 99
22   1   104    IX-81 B21 -39 -139 -5.114 0.074 -6.217 0.029 12.92 0.83 0
22   1   105    IX-89 B38 -12 -129 -0.036 0.020 0.029 0.025 14.18 0.74 99
22   1   106    X-3 -9999 48 -352 -0.027 0.025 0.017 0.022 14.63 0.73 99
22   1   107    X-4 -9999 66 -383 0.502 0.023 -0.737 0.028 12.86 1.16 0
22   1   108    X-9 -9999 4 -287 -0.072 0.032 -0.066 0.032 15.07 0.61 95
22   1   109    X-10 -9999 24 -303 0.578 0.014 -0.582 0.014 14.36 0.61 0
22   1   110    X-22 -9999 3 -224 -0.020 0.045 -0.026 0.028 15.13 0.20 99
22   1   111    X-28 -9999 87 -194 -0.013 0.016 0.000 0.009 14.62 0.72 99
22   1   112    X-49 B103 57 -151 0.026 0.022 0.007 0.030 12.16 1.19 99
22   1   113    X-65 -9999 42 -130 -0.023 0.024 -0.004 0.019 14.42 0.72 99
22   1   114    X-66 -9999 40 -140 0.000 0.044 0.012 0.030 15.05 0.16 99
22   1   115    XI-2 -9999 178 -311 -0.432 0.021 -0.078 0.021 14.26 0.73 0
22   1   116    XI-3 -9999 253 -306 0.077 0.025 -0.362 0.013 13.55 0.89 0
22   1   117    XI-4 -9999 433 -254 0.975 0.023 -2.349 0.018 14.28 0.72 0
22   1   118    XI-8 -9999 287 -213 -0.122 0.030 -0.797 0.015 14.07 0.59 0
22   1   119    XI-13 -9999 177 -213 0.014 0.027 0.015 0.022 14.82 0.54 99
22   1   120    XI-14 -9999 160 -204 0.052 0.016 0.005 0.020 13.81 0.87 99
22   1   121    XI-19 B115 122 -203 0.016 0.021 -0.061 0.023 12.87 1.05 99
22   1   122    XI-27 -9999 154 -118 -0.013 0.024 -0.023 0.021 14.49 0.66 99
22   1   123    XI-29 -9999 148 -121 -0.023 0.013 0.004 0.020 14.40 0.62 99
22   1   124    XI-38 -9999 114 -150 0.008 0.025 0.042 0.020 14.59 0.76 99
22   1   125    XI-50 -9999 90 -118 0.907 0.036 -2.129 0.016 14.44 0.88 0
22   1   126    XI-70 B113 114 -83 -0.004 0.010 -0.002 0.016 14.11 0.75 99
22   1   127    XI-80 B109 78 -108 -0.054 0.030 0.037 0.016 13.04 1.00 99
22   1   128    XII-1 -9999 407 -138 -0.036 0.055 -0.032 0.040 15.11 0.18 99
22   1   129    XII-2 -9999 433 -66 0.433 0.020 1.687 0.029 12.89 0.67 0
22   1   130    XII-5 -9999 323 -90 0.039 0.019 -0.075 0.025 14.88 0.76 95
22   1   131    XII-7 -9999 291 -120 0.047 0.028 -0.043 0.025 14.63 0.75 99
22   1   132    XII-8 -9999 264 -154 -0.017 0.024 -0.016 0.016 12.76 1.06 99
22   1   133    XII-9 -9999 246 -125 0.004 0.026 0.015 0.042 15.12 0.15 99
22   1   134    XII-10 -9999 242 -114 0.092 0.036 0.028 0.040 15.22 0.15 92
22   1   135    XII-18 B119 163 -78 0.023 0.024 -0.020 0.022 14.36 0.72 99
22   1   136    XII-26 -9999 234 -14 0.062 0.040 -0.005 0.037 15.27 0.10 99
22   1   137    XII-31 B120 167 -27 -0.025 0.024 -0.024 0.024 13.95 0.85 99
22   1   138    XII-34 B118 155 -33 0.010 0.024 -0.019 0.025 13.45 0.89 99
22   1   139    XII-45 B116 144 -48 0.010 0.022 -0.029 0.011 14.08 0.76 99
22   1   140    X1 -9999 155 589 0.911 0.034 0.751 0.033 14.94 0.70 0
22   1   141    X2 -9999 242 551 1.169 0.031 -1.450 0.046 12.27 1.07 0
22   1   142    X3 -9999 362 539 -0.719 0.024 1.299 0.016 13.32 0.92 0
22   1   143    X4 -9999 191 655 0.445 0.020 -1.069 0.024 13.54 0.96 0
22   1   144    X5 -9999 -236 490 -0.131 0.029 0.477 0.028 14.22 0.58 0
22   1   145    X6 -9999 349 658 0.516 0.036 -0.654 0.027 14.96 0.67 0
22   1   146    X7 -9999 460 700 -0.030 0.028 0.079 0.060 15.06 0.74 94
22   1   147    X8 -9999 646 701 0.888 0.038 -1.094 0.045 11.96 0.98 0
22   1   148    X9 -9999 628 813 -0.020 0.056 -0.202 0.037 12.48 0.51 0
22   1   149    X10 -9999 693 814 0.677 0.022 -0.968 0.027 14.05 0.73 0
22   1   150    X11 -9999 579 -45 0.306 0.025 -0.774 0.028 14.43 0.55 0
22   1   151    X12 -9999 634 -78 0.676 0.016 -0.738 0.022 14.22 0.59 0
22   1   152    X13 -9999 640 -190 -0.116 0.072 -0.553 0.048 10.99 0.77 0
22   1   153    X14 -9999 752 -174 1.318 0.055 0.158 0.053 10.94 0.40 0
22   1   154    X15 -9999 728 -88 1.660 0.020 -0.347 0.013 13.46 0.50 0
22   1   155    X16 -9999 709 -138 1.808 0.042 0.640 0.018 14.40 0.73 0
22   1   156    X17 -9999 651 -324 0.605 0.036 0.033 0.040 14.30 0.51 0
22   1   157    X18 B23 -32 443 0.616 0.024 -0.595 0.027 13.35 0.69 0
22   1   158    X19 -9999 -107 506 0.868 0.043 -0.862 0.031 14.24 0.57 0
22   1   159    X21 -9999 -166 462 0.669 0.028 -0.410 0.025 13.64 0.65 0
22   1   160    B2 ZNG1 -119 -153 1.057 0.022 -0.209 0.024 12.05 -9999 0
22   1   161    B3 -9999 -119 5 0.055 0.025 0.056 0.028 14.16 -9999 98
22   1   162    B7 -9999 -80 80 0.041 0.027 0.060 0.026 14.09 -9999 99
22   1   163    B13 -9999 -58 -108 -0.090 0.020 -0.025 0.032 12.90 -9999 96
22   1   164    B15 -9999 -55 81 0.030 0.014 -0.011 0.030 13.95 -9999 99
22   1   165    B18 -9999 -44 -117 0.045 0.016 0.022 0.022 13.76 -9999 99
22   1   166    B40 -9999 -9 95 0.006 0.012 0.053 0.021 13.89 -9999 99
22   1   167    B51 -9999 -2 84 0.017 0.020 0.037 0.019 13.83 -9999 99
22   1   168    B52 V15 0 79 -0.105 0.049 -0.017 0.014 13.12 -9999 88
22   1   169    B71 -9999 9 126 0.025 0.018 -0.028 0.012 13.66 -9999 99
22   1   170    B110 -9999 88 93 0.000 0.028 -0.022 0.022 14.09 -9999 99
22   1   171    V1 N7 128 41 -0.001 0.032 0.017 0.031 15.05 -9999 99
22   1   172    V3 N1 54 253 0.037 0.050 -0.031 0.048 15.09 -9999 99
22   1   173    V4 N8 -76 58 0.063 0.022 0.006 0.028 14.90 -9999 99
22   1   174    V8 N4 209 208 0.020 0.024 -0.036 0.035 15.29 -9999 99
22   1   175    V13 N14 153 -60 0.019 0.024 0.022 0.031 15.19 -9999 99
22   1   176    N16 -9999 -90 13 0.054 0.013 0.010 0.037 14.71 -9999 99
22   1   177    NI -9999 -54 181 -0.011 0.043 0.017 0.043 15.31 -9999 99
22   1   178    NJ -9999 49 -166 0.046 0.036 0.007 0.043 15.18 -9999 99
22   1   179    C1 -9999 -695 -90 0.851 0.021 -1.098 0.048 15.02 -9999 0
22   1   180    C2 -9999 -693 -301 0.870 0.030 -1.833 0.023 12.91 -9999 0
22   1   181    C3 -9999 -671 -433 -0.415 0.038 -0.206 0.038 15.34 -9999 0
22   1   182    C4 -9999 -597 143 -0.143 0.087 0.031 0.041 15.45 -9999 3
22   1   183    C5 -9999 -594 -169 1.024 0.060 -0.088 0.028 14.98 -9999 0
22   1   184    C6 -9999 -594 7 0.503 0.022 -3.386 0.033 12.02 -9999 0
22   1   185    C7 -9999 -549 307 -0.874 0.030 0.351 0.027 13.99 -9999 0
22   1   186    C8 -9999 -451 -405 -0.483 0.023 0.376 0.021 13.70 -9999 0
22   1   187    C9 -9999 -385 -338 0.216 0.027 1.616 0.057 11.90 -9999 0
22   1   188    C10 -9999 -138 -48 -0.068 0.026 0.000 0.016 14.09 -9999 99
22   1   189    C11 -9999 -124 -118 -0.001 0.030 -0.030 0.027 14.76 -9999 99
22   1   190    C12 -9999 -88 -61 0.058 0.034 0.024 0.025 14.65 -9999 99
22   1   191    C13 -9999 -88 -97 0.070 0.023 -0.024 0.022 14.45 -9999 98
22   1   192    C14 -9999 -87 -85 0.034 0.028 -0.028 0.019 14.41 -9999 99
22   1   193    C15 -9999 -83 1 0.017 0.024 -0.011 0.023 14.26 -9999 99
22   1   194    C16 -9999 -82 10 0.013 0.025 -0.026 0.019 14.32 -9999 99
22   1   195    C17 -9999 -82 49 -0.045 0.025 0.034 0.029 14.96 -9999 99
22   1   196    C18 -9999 -65 -94 0.036 0.015 -0.006 0.028 14.70 -9999 99
22   1   197    C19 -9999 -49 -95 0.000 0.017 0.001 0.025 14.65 -9999 99
22   1   198    C20 -9999 -36 -69 0.055 0.018 0.013 0.019 14.04 -9999 99
22   1   199    C21 -9999 -36 -86 0.004 0.029 0.004 0.027 14.70 -9999 99
22   1   200    C22 -9999 -30 -81 0.036 0.029 0.006 0.018 14.22 -9999 99
22   1   201    C23 -9999 2 87 0.003 0.011 -0.001 0.022 14.38 -9999 99
22   1   202    C24 -9999 23 618 -0.137 0.031 0.499 0.061 15.41 -9999 0
22   1   203    C25 -9999 26 -76 -0.009 0.022 -0.002 0.019 13.79 -9999 99
22   1   204    C26 -9999 38 106 -0.014 0.024 -0.047 0.021 14.67 -9999 99
22   1   205    C27 -9999 48 49 -0.022 0.030 -0.022 0.023 13.84 -9999 99
22   1   206    C28 -9999 53 60 -0.026 0.017 -0.029 0.019 14.21 -9999 99
22   1   207    C29 -9999 54 77 0.008 0.023 0.054 0.034 14.92 -9999 99
22   1   208    C30 -9999 57 -493 -0.007 0.034 -0.015 0.044 15.07 -9999 99
22   1   209    C31 -9999 63 69 -0.063 0.021 0.031 0.025 13.39 -9999 99
22   1   210    C32 -9999 73 -24 -0.012 0.026 -0.041 0.023 14.59 -9999 99
22   1   211    C33 -9999 236 -80 -0.044 0.048 -0.005 0.038 14.98 -9999 99
22   1   212    C34 -9999 312 -424 0.013 0.055 0.015 0.039 15.18 -9999 99
22   1   213    C35 -9999 603 244 0.430 0.026 0.235 0.024 14.56 -9999 0
22   1   214    C36 -9999 624 131 -0.319 0.056 -2.443 0.028 15.35 -9999 0
22   1   215    C37 -9999 629 117 0.043 0.028 -0.028 0.033 15.03 -9999 99
22   1   216    C38 -9999 653 21 0.203 0.083 -1.053 0.058 15.41 -9999 0
22   1   217    C39 -9999 683 233 -1.642 0.026 0.934 0.031 12.87 -9999 0
22   1   218    C40 -9999 747 -255 0.093 0.072 -0.456 0.036 15.36 -9999 0
22   1   219    C41 -9999 763 -217 -0.032 0.064 0.146 0.021 15.35 -9999 0
