23   1     1    NGC 40 -52 28 25 29 1 2 3 TN 0.77 1783 B
23   1     2    NGC 246 -204 10 -112 42 1 2 TN 0.00 557 C
23   1     3    NGC 650-1 102 49 -94 45 2 TN 0.20 1055 B
23   1     4    IC 1747 58 41 -21 42 1 TK 0.99 3170 B
23   1     5    IC 351 -39 28 -92 37 1 TN 0.27 7680 C
23   1     6    NGC 1501 -5 10 -53 10 2 3 TN 0.94 1776 C
23   1     7    NGC 1514 -29 17 -24 36 1 2 3 TN 0.52 1084 C
23   1     8    NGC 1535 89 44 -15 14 1 2 TN 0.16 3126 C
23   1     9    J 320 -2 40 16 47 1 2 TN 0.19 9252 C
23   1    10    IC 418 4 31 88 52 1 2 TK 0.26 760 B
23   1    11    NGC 2022 48 52 -72 23 2 3 TN 0.60 3558 C
23   1    12    A 14 -12 36 -18 41 1
23   1    13    NGC 2371-2 -4 63 -109 55 1 2 3 TN 0.09 2536 B
23   1    14    NGC 2392 39 67 -34 45 1 2 3 TN 0.02 1982 C
23   1    15    NGC 2438 -69 40 -11 45 1 2 TN 0.38 1712 C
23   1    16    A 24 -65 20 44 39 1 TN 0.17 525 B
23   1    17    NGC 2610 96 107 93 89 2 TN 0.46 2992 C
23   1    18    A 33 -173 39 63 24 1 TN 0.02 915 C
23   1    19    NGC 3242 -3 51 -31 39 1 2 TN 0.02 1697 C
23   1    20    NGC 3587 -3 27 -14 40 1 TN 0.00 793 C
23   1    21    NGC 4361 -42 49 -46 40 1 TN 0.01 1455 C
23   1    22    IC 3568 14 36 -12 42 1 TN 0.25 3756 C
23   1    23    A 36 189 37 -29 36 1
23   1    24    NGC 6058 -56 30 -91 33 1 2 3 TN 0.00 5023 B
23   1    25    IC 4593 -78 21 -8 34 1 TN 0.13 4301 C
23   1    26    NGC 6210 -43 25 -82 75 1 3 TK 0.11 1663 C
23   1    27    NGC 6309 71 37 133 41 1 TN 0.79 4549 C
23   1    28    A 43 18 21 -3 28 1 TN 0.16 2460 B
23   1    29    NGC 6543 -21 40 -30 15 1 2 3 TK 0.00 1112 C
23   1    30    NGC 6572 -58 75 -8 69 3 TK 0.32 904 C
23   1    31    NGC 6629 -17 12 71 10 1 2 TN 0.83 3391 C
23   1    32    A 45 59 16 -2 31 1
23   1    33    NGC 6644 -159 54 -65 61 1 TK 0.40 3945 C
23   1    34    IC 4732 34 10 44 42 1 2 TK 0.65 4909 C
23   1    35    NGC 6720 10 10 14 23 1 2 3 TN 0.10 1264 B
23   1    36    NGC 6751 -7 12 -40 10 1 2 TN 0.98 2983 B
23   1    37    M1- 67 -39 10 -91 25 1 TN 0.21 891 C
23   1    38    IC 4846 -18 38 -76 27 1 TK 0.45 4909 C
23   1    39    NGC 6781 -76 11 -37 54 1 2 TN 0.33 1482 B
23   1    40    NGC 6790 -57 16 39 13 1 2 TK 0.13 3597 C
23   1    41    NGC 6804 -95 10 -94 10 1 2 3 TN 0.95 2398 C
23   1    42    NGC 6807 -51 85 122 60 1 TK 0.75 4797 C
23   1    43    BD+30 3639 -47 12 -205 40 3 TK 0.44 1074 B
23   1    44    NGC 6818 100 56 -58 39 1 TK 0.04 1954 B
23   1    45    NGC 6826 -96 10 -92 29 1 2 TN 0.00 2265 C
23   1    46    NGC 6833 112 23 10 33 1 TK 0.23 5508 C
23   1    47    NGC 6853 129 20 11 14 1 2 3 TN 0.00 383 B
23   1    48    NGC 6891 -10 10 -71 31 1 TN 0.21 4861 C
23   1    49    NGC 6894 17 58 -66 12 2 3 TN 0.93 2157 C
23   1    50    IC 4997 145 37 44 72 1 TK 0.00 3097 C
23   1    51    NGC 6905 -53 16 -67 10 1 2 3 TN 0.35 2291 B
23   1    52    NGC 7008 42 49 -92 39 1 2 3 TN 0.61 1272 C
23   1    53    NGC 7009 13 62 -5 39 1 2 TN 0.12 1887 C
23   1    54    NGC 7026 -2 10 -2 31 1 2 3 TK 0.79 2000 B
23   1    55    NGC 7027 -26 22 -134 45 3 TK 1.19 514 C
23   1    56    IC 5117 179 30 -13 43 1 TK 1.27 2880 C
23   1    57    A 78 14 28 -39 1
23   1    58    NGC 7139 -57 104 -75 88 2 TN 0.83 1815 B
23   1    59    IC 5217 1 13 10 19 3 TN 0.32 4742 C
23   1    60    NGC 7293 402 28 -10 19 1 2 TN 0.07 212 B
23   1    61    NGC 7662 5 36 -11 39 2 3 TK 0.10 1535 C
23   1    62    A 82 -96 42 -83 36 1
