24   1     1    1 140 5 143 5 141 5 137 5 132 5 157 5 143 5 149 5 118 5 145 5 
24   1     2    2 138 5 144 5 144 5 139 5 133 5 159 5 139 5 141 5 124 5 145 5 
24   1     3    3 139 8 147 8 145 8 141 8 135 8 157 8 145 6 143 6 123 6 146 6 
24   1     4    4 139 5 147 5 142 5 137 5 132 5 158 5 144 5 139 5 121 5 144 5 
24   1     5    5 141 4 146 4 142 4 138 4 133 4 158 4 143 4 0 4 122 4 0 4 
24   1     6    6 143 8 146 8 143 8 139 8 134 8 159 8 145 8 142 8 124 8 146 8 
24   1     7    7 146 5 143 5 143 5 138 5 132 5 157 5 143 5 141 5 125 5 145 5 
24   1     8    8 141 9 148 9 143 9 139 9 133 9 151 9 145 9 138 9 124 9 141 9 
24   1     9    9 0 0 0 0 0 0 0 0 0 0 0 0 0 0 0 0 0 0 0 0 
24   1    10    10 0 5 0 5 0 5 0 5 0 5 0 5 0 5 0 5 0 5 0 5 
24   1    11    11 140 6 145 6 142 6 140 6 132 6 155 6 145 6 141 6 126 6 146 6 
24   1    12    12 0 0 0 0 0 0 0 0 0 0 0 0 0 0 0 0 0 0 0 0 
24   1    13    13 140 5 143 5 142 5 139 5 135 5 158 5 0 5 141 5 126 5 146 5 
24   1    14    14 142 5 0 5 141 5 134 5 0 5 157 5 141 5 137 5 125 5 145 5 
24   1    15    15 140 5 146 5 142 5 139 5 137 5 154 5 143 5 133 5 125 5 145 5 
24   1    16    16 141 5 145 5 145 5 139 5 134 5 158 5 143 5 141 5 126 5 145 5 
24   1    17    17 140 9 144 9 141 9 139 9 132 9 155 9 141 9 141 9 0 9 147 9 
24   1    18    18 140 5 138 5 144 5 138 5 131 5 159 5 141 5 142 5 120 5 144 5 
24   1    19    19 140 5 145 5 144 5 141 5 136 5 155 5 141 5 141 5 126 5 146 5 
24   1    20    20 142 6 0 6 140 6 136 6 0 6 159 6 143 6 143 6 123 6 149 6 
24   1    21    21 140 5 144 5 143 5 137 5 133 5 157 5 143 5 143 5 125 5 144 5 
24   1    22    22 0 5 0 5 0 5 0 5 0 5 0 5 0 5 0 5 0 5 0 5 
24   1    23    23 140 5 145 5 141 5 138 5 135 5 158 5 140 5 141 5 0 5 141 5 
24   1    24    24 0 4 147 4 143 4 141 4 0 4 161 4 0 4 143 4 0 4 0 4 
24   1    25    25 141 5 143 5 144 5 140 5 132 5 158 5 141 5 142 5 126 5 147 5 
24   1    26    26 140 5 145 5 140 5 137 5 132 5 157 5 142 5 143 5 122 5 144 5 
24   1    27    27 141 6 146 6 142 6 138 6 133 6 159 6 141 6 142 6 125 6 145 6 
24   1    28    28 0 6 144 6 0 6 0 6 130 6 155 6 0 6 0 6 127 6 143 6 
24   1    29    29 137 7 142 7 145 7 138 7 130 7 156 7 143 7 143 7 124 7 143 7 
24   1    30    30 139 5 143 5 142 5 136 5 132 5 157 5 142 5 140 5 128 5 139 5 
24   1    31    31 140 5 145 5 141 5 137 5 132 5 0 5 142 5 0 5 125 5 146 5 
24   1    32    32 140 8 144 8 143 8 139 8 0 8 157 8 145 8 141 8 125 8 145 8 
24   1    33    33 141 6 151 6 143 6 140 6 130 6 0 6 0 6 0 6 0 6 145 6 
24   1    34    34 141 8 144 8 142 8 137 8 132 8 158 8 142 8 0 8 124 8 143 8 
24   1    35    35 138 5 146 5 142 5 0 5 134 5 152 5 140 5 141 5 122 5 145 5 
24   1    36    36 143 5 149 5 144 5 139 5 135 5 157 5 147 5 144 5 126 5 148 5 
24   1    37    37 0 5 146 5 142 5 139 5 134 5 160 5 144 5 143 5 127 5 143 5 
24   1    38    38 142 5 144 5 142 5 138 5 135 5 156 5 142 5 142 5 125 5 146 5 
24   1    39    39 0 9 146 9 143 9 0 9 133 9 154 9 140 9 139 9 125 9 145 9 
24   1    40    40 140 8 144 8 140 8 139 8 131 8 158 8 0 8 141 8 125 8 145 8 
24   1    41    41 140 6 145 6 145 6 139 6 133 6 155 6 144 6 140 6 125 6 146 6 
24   1    42    42 140 5 146 5 143 5 136 5 132 5 157 5 141 5 140 5 123 5 143 5 
24   1    43    43 140 3 147 3 144 3 138 3 132 3 160 3 147 6 138 6 124 6 146 6 
24   1    44    44 140 6 151 6 144 6 138 6 131 6 156 6 144 6 142 6 130 6 141 6 
24   1    45    45 0 6 145 6 142 6 138 6 132 6 159 6 146 6 143 6 126 6 150 6 
24   1    46    46 139 5 146 5 143 5 139 5 133 5 158 5 0 5 0 5 124 5 146 5 
24   1    47    47 140 5 146 5 142 5 0 5 132 5 156 5 143 5 141 5 0 5 144 5 
24   1    48    48 139 5 145 5 143 5 133 5 135 5 0 5 143 5 142 5 0 5 145 5 
24   1    49    49 141 6 146 6 143 6 139 6 133 6 0 6 143 6 141 6 124 6 147 6 
24   1    50    50 0 5 144 5 139 5 0 5 132 5 156 5 145 5 141 5 0 5 0 5 
24   1    51    51 140 9 145 9 0 9 135 9 131 9 160 9 143 9 138 9 120 9 142 9 
24   1    52    52 142 7 146 7 143 7 140 7 134 7 157 7 145 7 143 6 127 6 146 6 
24   1    53    53 141 6 148 6 141 6 139 6 133 6 160 6 144 6 143 6 124 6 148 6 
24   1    54    54 141 5 0 5 142 5 138 5 132 5 156 5 145 5 142 5 119 5 0 5 
24   1    55    55 144 5 147 5 142 5 140 5 135 5 156 5 144 5 142 5 126 5 144 5 
24   1    56    56 143 8 144 8 144 8 139 8 132 8 0 8 142 8 0 8 126 8 145 8 
24   1    57    57 142 6 145 6 140 6 138 6 132 6 156 6 145 6 143 6 126 6 144 6 
24   1    58    58 144 6 145 6 141 6 0 6 0 6 157 6 145 6 139 6 0 6 0 6 
24   1    59    59 143 6 146 6 147 6 140 6 0 6 159 6 147 6 142 5 123 5 148 5 
24   1    60    60 140 5 146 5 0 5 137 5 131 5 157 5 146 5 141 5 124 5 147 5 
24   1    61    61 138 5 144 5 140 5 137 5 134 5 155 5 145 5 140 5 127 5 142 5 
24   1    62    62 140 8 145 8 143 8 138 8 134 8 158 8 0 8 141 8 124 8 145 8 
24   1    63    63 142 4 144 4 139 4 140 4 135 4 156 4 141 4 145 4 122 4 145 4 
24   1    64    64 136 5 144 5 142 5 137 5 0 5 159 5 144 5 0 5 0 5 145 5 
24   1    65    65 137 5 147 5 142 5 138 5 0 5 145 5 144 5 141 5 0 5 0 5 
24   1    66    66 140 6 146 6 143 6 136 6 135 6 161 6 145 6 140 6 0 6 145 6 
24   1    67    67 139 5 144 5 142 5 137 5 131 5 153 5 143 5 139 5 125 5 143 5 
24   1    68    68 144 3 144 3 143 3 141 3 131 3 157 3 143 3 142 3 126 3 146 3 
24   1    69    69 142 5 145 5 144 5 138 5 134 5 154 5 145 5 144 5 124 5 0 5 
24   1    70    70 0 5 145 5 144 5 0 5 0 5 0 5 144 5 0 5 127 5 147 5 
24   1    71    71 138 8 146 8 141 8 143 8 136 8 0 8 144 8 141 8 0 8 145 8 
24   1    72    72 0 9 145 9 0 9 137 9 137 9 0 9 141 9 0 9 0 9 0 9 
24   1    73    73 141 5 141 5 141 5 140 5 134 5 155 5 143 5 139 5 0 5 144 5 
24   1    74    74 139 9 143 9 141 9 139 9 132 9 158 9 143 9 140 9 122 9 143 9 
24   1    75    75 0 3 0 3 0 3 0 3 0 3 0 3 0 3 0 3 0 3 0 3 
24   1    76    76 139 8 0 8 143 8 139 8 132 8 158 8 140 8 140 8 125 8 145 8 
24   1    77    77 138 5 147 5 143 5 137 5 132 5 0 5 140 5 141 5 126 5 146 5 
24   1    78    78 141 5 145 5 144 5 140 5 132 5 0 5 143 5 141 5 125 5 145 5 
24   1    79    79 139 5 144 5 142 5 137 5 132 5 155 5 140 5 141 5 0 5 145 5 
24   1    80    80 0 6 148 6 0 6 140 6 134 6 155 6 142 6 140 6 0 6 0 6 
24   1    81    81 139 5 142 5 142 5 135 5 133 5 159 5 139 5 138 5 122 5 143 5 
24   1    82    82 0 3 0 3 0 3 0 3 0 3 0 3 0 3 0 3 0 3 0 3 
24   1    83    83 142 6 145 6 146 6 140 6 138 6 159 6 141 6 142 6 127 6 143 6 
24   1    84    84 0 0 0 0 0 0 0 0 0 0 0 0 0 0 0 0 0 0 0 0 
24   1    85    85 142 8 0 8 0 8 140 8 0 8 153 8 143 8 0 8 128 8 143 8 
24   1    86    86 0 3 0 3 0 3 0 3 0 3 0 3 0 3 0 3 0 3 0 3 
24   1    87    87 140 6 145 6 144 6 138 6 133 6 157 6 146 6 143 6 124 6 146 6 
24   1    88    88 139 6 150 6 142 6 138 6 134 6 156 6 146 6 143 6 125 6 144 6 
24   1    89    89 143 6 143 6 142 6 136 6 134 6 155 6 142 6 142 6 123 6 0 6 
24   1    90    90 141 5 144 5 141 5 139 5 143 5 158 5 141 5 142 5 125 5 146 5 
24   1    91    91 141 9 143 9 142 9 139 9 132 9 151 9 141 9 142 9 127 9 142 9 
24   1    92    92 131 5 144 5 141 5 136 5 133 5 156 5 138 5 146 5 124 5 148 5 
24   1    93    93 142 6 143 6 142 6 139 6 133 6 159 6 0 6 142 6 0 6 148 6 
24   1    94    94 140 4 148 4 144 4 0 4 136 4 159 4 141 4 142 4 126 4 147 4 
24   1    95    95 138 5 145 5 142 5 138 5 132 5 156 5 142 5 140 5 124 5 143 5 
24   1    96    96 143 5 147 5 145 5 141 5 132 5 158 5 141 5 141 5 124 5 144 5 
24   1    97    97 141 5 143 5 144 5 139 5 134 5 155 5 140 5 141 5 124 5 145 5 
24   1    98    98 141 9 145 9 143 9 0 9 134 9 0 9 143 9 141 9 124 9 146 9 
24   1    99    99 142 5 146 5 0 5 139 5 134 5 153 5 0 5 141 5 131 5 145 5 
24   1   100    100 0 5 145 5 144 5 137 5 133 5 159 5 141 5 143 5 125 5 147 5 
24   1   101    101 0 6 146 6 144 6 0 6 0 6 156 6 140 6 142 6 126 6 145 6 
24   1   102    102 0 6 148 6 143 6 135 6 134 6 157 6 140 6 142 6 123 6 0 6 
24   1   103    103 141 6 0 6 141 6 140 6 0 6 0 6 141 6 141 6 0 6 144 6 
24   1   104    104 140 5 145 5 143 5 139 5 134 5 157 5 141 5 141 5 122 5 146 5 
24   1   105    105 0 8 139 8 138 8 139 8 128 8 0 8 0 8 0 8 0 0 0 0 
24   1   106    106 142 6 147 6 142 6 138 6 131 6 159 6 140 6 145 6 124 6 149 6 
24   1   107    107 135 3 143 3 143 3 143 3 134 3 151 3 141 3 139 3 125 3 145 3 
24   1   108    108 136 5 145 5 142 5 137 5 130 5 158 5 140 5 141 5 122 5 146 5 
24   1   109    109 140 5 145 5 144 5 139 5 133 5 156 5 142 5 142 5 0 5 145 5 
24   1   110    110 139 5 144 5 144 5 139 5 131 5 163 5 0 5 141 5 126 5 144 5 
24   1   111    111 0 6 146 6 143 6 0 6 134 6 157 6 0 6 142 6 0 6 143 6 
24   1   112    112 0 5 145 5 143 5 138 5 134 5 158 5 141 5 140 5 122 5 145 5 
24   1   113    113 137 4 144 4 0 4 138 4 132 4 0 4 0 4 141 4 127 5 142 5 
24   1   114    114 140 5 145 5 0 5 139 5 137 5 154 5 141 5 140 5 0 5 146 5 
24   1   115    115 143 5 142 5 142 5 140 5 134 5 156 5 0 5 143 5 0 5 145 5 
24   1   116    116 0 9 0 9 138 9 137 9 134 9 153 9 139 9 0 9 125 9 144 9 
24   1   117    117 0 6 0 6 0 6 0 6 0 6 0 6 0 6 0 6 0 6 0 6 
24   1   118    118 142 4 144 4 142 4 138 4 134 4 0 4 141 4 0 4 125 5 145 5 
24   1   119    119 0 3 0 3 0 3 0 3 0 3 0 3 0 3 0 3 0 3 0 3 
24   1   120    120 140 5 141 5 144 5 139 5 134 5 160 5 142 5 143 5 125 5 147 5 
24   1   121    121 0 0 0 0 0 0 0 0 0 0 0 0 0 0 0 0 0 0 0 0 
24   1   122    122 0 6 144 6 144 6 139 6 135 6 155 6 140 6 0 6 126 6 145 6 
24   1   123    123 139 5 142 5 140 5 0 5 133 5 156 5 141 5 139 5 123 5 144 5 
24   1   124    124 136 9 142 9 0 9 142 9 134 9 154 9 0 9 141 9 126 9 142 9 
24   1   125    125 138 5 143 5 142 5 138 5 133 5 158 5 142 5 142 5 0 5 145 5 
24   1   126    126 140 9 143 9 140 9 139 9 132 9 153 9 140 9 138 9 124 9 143 9 
24   1   127    127 140 5 142 5 140 5 136 5 0 5 157 5 138 5 139 5 119 5 144 5 
24   1   128    128 144 6 0 6 0 6 140 6 0 6 157 6 142 6 142 6 0 6 144 6 
24   1   129    129 144 9 142 9 140 9 138 9 135 9 151 9 138 9 143 9 125 9 140 9 
24   1   130    130 140 5 146 5 142 5 139 5 128 5 155 5 139 5 139 5 123 5 144 5 
24   1   131    131 135 7 154 7 145 7 0 7 134 7 157 7 141 7 141 7 126 7 145 7 
24   1   132    132 146 7 144 7 137 7 0 7 0 7 0 7 0 7 0 7 0 7 0 7 
24   1   133    133 0 5 146 5 142 5 138 5 133 5 155 5 0 5 140 5 0 5 146 5 
24   1   134    134 140 5 146 5 142 5 137 5 133 5 157 5 141 5 141 5 124 5 147 5 
24   1   135    135 139 5 146 5 143 5 136 5 132 5 0 5 138 5 141 5 0 5 146 5 
24   1   136    136 0 6 0 6 143 6 0 6 132 6 0 6 143 6 0 6 0 6 0 6 
24   1   137    137 141 8 145 8 141 8 140 8 134 8 160 8 139 8 140 8 128 8 146 8 
24   1   138    138 138 9 0 9 141 9 138 9 0 9 158 9 144 9 141 9 126 9 148 9 
24   1   139    139 138 5 148 5 143 5 143 5 0 5 160 5 144 5 140 5 126 5 146 5 
24   1   140    140 143 5 143 5 0 5 139 5 133 5 158 5 141 5 141 5 0 5 146 5 
24   1   141    141 143 6 145 6 143 6 137 6 135 6 156 6 142 6 141 6 123 6 145 6 
24   1   142    142 138 6 147 6 140 6 134 6 134 6 153 6 139 6 139 6 128 6 144 6 
24   1   143    143 0 5 141 5 141 5 137 5 133 5 160 5 142 5 142 5 123 5 144 5 
24   1   144    144 0 6 142 6 139 6 136 6 132 6 157 6 140 6 134 6 0 6 144 6 
24   1   145    145 0 9 146 9 143 9 138 9 132 9 151 9 140 9 139 9 127 9 142 9 
24   1   146    146 0 6 0 6 0 6 138 6 132 6 155 6 142 6 143 6 0 6 143 6 
24   1   147    147 142 5 146 5 141 5 138 5 133 5 156 5 137 5 140 5 123 5 144 5 
24   1   148    148 140 4 146 4 143 4 137 4 134 4 157 4 144 4 140 4 123 4 146 4 
24   1   149    149 137 8 140 8 148 8 0 8 136 8 158 8 139 8 144 8 0 8 147 8 
24   1   150    150 0 4 0 4 0 4 0 4 0 4 0 4 0 4 0 4 0 4 0 4 
24   1   151    151 142 8 143 8 143 8 146 8 132 8 159 8 141 8 140 8 127 8 147 8 
24   1   152    152 139 6 0 6 0 6 0 6 134 6 155 6 138 6 138 6 126 6 0 6 
24   1   153    153 139 4 0 4 142 4 138 4 136 4 159 4 138 4 140 4 125 4 145 4 
24   1   154    154 141 5 146 5 143 5 137 5 132 5 156 5 139 5 142 5 124 5 145 5 
24   1   155    155 0 4 0 4 0 4 0 4 0 4 0 4 0 4 0 4 0 4 0 4 
24   1   156    156 0 0 0 0 0 0 0 0 0 0 0 0 0 0 0 0 0 0 0 0 
24   1   157    157 0 5 144 5 143 5 142 5 135 5 160 5 143 5 143 5 0 5 149 5 
24   1   158    158 139 6 144 6 141 6 138 6 134 6 158 6 141 6 0 6 124 6 146 6 
24   1   159    159 142 4 146 4 143 4 139 4 133 4 0 4 141 4 144 4 122 4 145 4 
24   1   160    160 141 5 146 5 0 5 138 5 133 5 159 5 141 5 143 5 127 5 145 5 
24   1   161    161 0 3 0 3 0 3 0 3 0 3 0 3 0 3 0 3 0 3 0 3 
24   1   162    162 141 5 145 5 141 5 138 5 135 5 157 5 139 5 141 5 124 5 144 5 
24   1   163    163 139 8 0 8 141 8 141 8 133 8 0 8 139 8 142 8 126 8 142 8 
24   1   164    164 0 6 0 6 0 6 141 6 0 6 0 6 0 6 0 6 0 6 0 6 
24   1   165    165 139 6 146 6 142 6 138 6 132 6 155 6 140 6 142 6 125 6 146 6 
24   1   166    166 141 6 144 6 141 6 137 6 135 6 0 6 143 6 141 6 0 6 146 6 
24   1   167    167 140 5 0 5 141 5 0 5 133 5 161 5 143 5 139 5 0 5 145 5 
24   1   168    168 139 5 146 5 142 5 134 5 132 5 155 5 142 5 139 5 123 5 0 5 
24   1   169    169 143 5 143 5 141 6 138 6 135 6 157 6 141 6 142 6 122 6 145 6 
24   1   170    170 139 6 145 6 138 6 136 6 135 6 151 6 139 6 141 6 126 6 144 6 
24   1   171    171 140 6 145 6 143 6 141 6 135 6 158 6 142 6 142 6 124 6 144 6 
24   1   172    172 0 3 0 3 0 3 0 3 0 3 0 3 0 3 0 3 0 3 0 3 
24   1   173    173 139 6 142 6 143 6 137 6 133 6 156 6 140 6 139 6 125 6 148 6 
24   1   174    174 142 6 0 6 0 6 140 6 134 6 0 6 141 6 0 6 0 6 147 6 
24   1   175    175 0 5 143 5 0 5 138 5 0 5 158 5 138 5 139 5 124 5 0 5 
24   1   176    176 141 5 143 5 141 5 0 5 0 5 155 5 139 5 0 5 123 5 142 5 
24   1   177    177 0 6 0 6 0 6 139 6 0 6 154 6 139 6 0 6 0 6 0 6 
24   1   178    178 140 8 144 8 144 8 137 8 133 8 159 8 141 8 137 8 124 8 147 8 
24   1   179    179 140 6 145 6 0 6 141 6 134 6 159 6 0 6 0 6 127 6 147 6 
24   1   180    180 141 6 146 6 142 6 137 6 134 6 157 6 139 6 140 6 124 6 146 6 
24   1   181    181 141 5 149 5 143 5 138 5 133 5 158 5 142 5 141 5 127 5 146 5 
24   1   182    182 143 4 147 4 145 4 138 4 133 4 156 4 142 4 141 4 0 4 145 4 
24   1   183    183 141 7 147 7 144 7 139 7 133 7 157 7 141 7 143 7 123 7 146 7 
24   1   184    184 140 5 144 5 141 5 137 5 135 5 155 5 142 5 139 5 122 5 144 5 
24   1   185    185 137 5 148 5 0 5 137 5 133 5 157 5 141 5 142 5 126 5 147 5 
24   1   186    186 141 5 145 5 143 5 138 5 132 5 158 5 141 5 140 5 124 5 145 5 
24   1   187    187 127 5 146 5 142 5 142 5 0 5 157 5 142 5 142 5 126 5 145 5 
24   1   188    188 140 5 0 5 0 5 139 5 132 5 157 5 141 5 142 5 125 5 143 5 
24   1   189    189 0 4 0 4 0 4 0 4 0 4 0 4 0 4 0 4 0 4 0 4 
24   1   190    190 140 5 143 5 0 5 139 5 133 5 158 5 0 5 141 5 123 5 144 5 
24   1   191    191 139 5 144 5 142 5 137 5 130 5 158 5 0 5 142 5 121 5 0 5 
24   1   192    192 139 5 141 5 142 5 0 5 131 5 158 5 140 5 141 5 0 5 142 5 
24   1   193    193 0 3 144 3 0 3 137 3 0 3 157 3 0 3 141 3 0 3 145 9 
24   1   194    194 140 5 139 5 141 5 138 5 0 5 159 5 139 5 137 5 122 5 142 5 
24   1   195    195 142 7 147 7 0 7 0 7 0 7 159 7 140 7 142 7 121 7 142 7 
24   1   196    196 0 3 0 3 0 3 0 3 0 3 0 3 145 3 0 3 0 3 145 3 
24   1   197    197 139 8 145 8 142 8 133 8 131 8 156 8 140 8 142 8 126 8 144 8 
24   1   198    198 0 0 0 0 0 0 0 0 0 0 0 0 0 0 0 0 0 0 0 0 
24   1   199    199 0 5 148 5 0 5 138 5 132 5 158 5 144 5 141 5 124 5 147 5 
24   1   200    200 140 9 141 9 139 9 141 9 135 9 158 9 143 9 140 9 126 9 145 9 
24   1   201    201 141 5 145 5 142 5 140 5 133 5 160 5 142 5 140 5 0 5 145 5 
24   1   202    202 142 5 145 5 0 5 134 5 132 5 154 5 0 5 142 5 0 5 142 5 
24   1   203    203 0 0 0 0 0 0 0 0 0 0 0 0 0 0 0 0 0 0 0 0 
24   1   204    204 140 5 147 5 140 5 139 5 0 5 0 5 145 5 140 5 0 5 143 5 
24   1   205    205 145 5 146 5 144 5 137 5 134 5 156 5 146 5 144 5 124 5 144 5 
24   1   206    206 138 8 142 8 143 8 137 8 134 8 155 8 144 8 140 8 122 8 142 8 
24   1   207    207 141 6 145 6 140 6 139 6 131 6 157 6 145 6 142 6 122 6 146 6 
24   1   208    208 140 5 147 5 143 5 0 5 134 5 157 5 144 5 141 5 124 5 145 5 
24   1   209    209 140 9 144 9 141 9 0 9 132 9 157 9 142 9 141 9 0 9 143 9 
24   1   210    210 143 5 146 5 143 5 137 5 134 5 162 5 0 5 142 5 124 5 146 5 
24   1   211    211 142 5 144 5 142 5 136 5 135 5 155 5 143 5 142 5 127 5 144 5 
24   1   212    212 140 6 144 6 143 6 142 6 136 6 158 6 0 6 145 6 126 6 148 6 
24   1   213    213 142 6 148 6 141 6 140 6 133 6 157 6 143 6 142 6 125 6 147 6 
24   1   214    214 0 5 0 5 146 5 140 5 135 5 155 5 149 5 141 5 125 5 144 5 
24   1   215    215 140 6 147 6 142 6 138 6 134 6 0 6 146 6 141 6 126 6 145 6 
24   1   216    216 141 5 0 5 139 5 0 5 0 5 157 5 144 5 138 5 126 5 145 5 
24   1   217    217 137 5 144 5 140 5 135 5 127 5 156 5 143 5 140 5 124 5 144 5 
24   1   218    218 137 7 144 7 144 7 137 7 133 7 146 7 142 7 141 7 124 7 141 7 
24   1   219    219 142 9 143 9 142 9 137 9 134 9 0 9 142 9 141 9 125 9 147 9 
24   1   220    220 142 9 0 9 0 9 137 9 132 9 0 9 144 9 0 9 127 9 0 9 
24   1   221    221 0 3 0 3 0 3 0 3 0 3 0 3 0 3 0 3 0 3 0 3 
24   1   222    222 141 5 0 5 143 5 139 5 133 5 156 5 144 5 0 5 126 5 145 5 
24   1   223    223 0 9 146 9 141 9 137 9 0 9 159 9 146 9 144 9 124 9 147 9 
24   1   224    224 140 5 145 5 142 5 136 5 130 5 157 5 142 5 140 5 0 5 144 5 
24   1   225    225 141 5 143 5 119 5 139 5 133 5 156 5 0 5 142 5 0 5 145 5 
24   1   226    226 141 6 147 6 143 6 140 6 134 6 156 6 143 6 0 6 126 6 146 6 
24   1   227    227 139 8 144 8 143 8 135 8 133 8 157 8 139 8 141 8 121 8 138 8 
24   1   228    228 142 6 146 6 142 6 139 6 132 6 157 6 145 6 142 6 123 6 139 6 
24   1   229    229 140 5 146 5 142 5 140 5 135 5 156 5 138 5 142 5 129 5 146 5 
24   1   230    230 138 4 0 4 142 4 134 4 132 4 153 4 141 4 135 4 128 4 145 4 
24   1   231    231 0 5 140 5 143 5 140 5 139 5 158 5 143 5 142 5 126 5 0 5 
24   1   232    232 141 5 144 5 144 5 138 5 135 5 159 5 143 5 142 5 125 5 146 5 
24   1   233    233 141 6 146 6 141 6 139 6 133 6 158 6 143 6 141 6 127 6 144 6 
24   1   234    234 0 5 146 5 141 5 138 5 0 5 157 5 144 5 141 5 125 5 145 5 
24   1   235    235 0 0 0 0 0 0 0 0 0 0 0 0 0 0 0 0 0 0 0 0 
24   1   236    236 138 8 144 8 141 8 139 8 132 8 160 8 141 8 141 8 124 8 145 8 
24   1   237    237 140 5 144 5 141 5 134 5 134 5 162 5 140 5 139 5 119 5 145 5 
24   1   238    238 138 6 143 6 141 6 137 6 133 6 157 6 142 6 142 6 123 6 144 6 
24   1   239    239 142 6 0 6 143 6 138 6 135 6 0 6 0 6 0 6 0 6 0 6 
24   1   240    240 142 6 145 6 143 6 136 6 133 6 157 6 140 6 142 6 125 6 145 6 
24   1   241    241 0 3 0 3 0 3 0 3 0 3 0 3 0 3 0 3 0 3 0 3 
24   1   242    242 142 5 0 5 143 5 137 5 131 5 157 5 140 5 140 5 0 5 0 5 
24   1   243    243 0 3 0 3 0 3 0 3 0 3 0 3 0 3 0 3 0 3 0 3 
24   1   244    244 140 6 144 6 142 6 137 6 133 6 159 6 141 6 144 6 124 6 144 6 
24   1   245    245 160 6 144 6 0 6 138 6 133 6 157 6 144 6 145 6 125 6 144 6 
24   1   246    246 0 0 0 0 0 0 0 0 0 0 0 0 0 0 0 0 0 0 0 0 
24   1   247    247 143 7 0 7 147 7 137 7 131 7 0 7 139 7 157 7 124 7 140 7 
24   1   248    248 0 0 0 0 0 0 0 0 0 0 0 0 0 0 0 0 0 0 0 0 
24   1   249    249 0 0 0 0 0 0 0 0 0 0 0 0 0 0 0 0 0 0 0 0 
24   1   250    250 141 6 146 6 144 6 138 6 131 6 159 6 142 6 142 6 123 6 146 6 
24   1   251    251 143 5 147 5 143 5 140 5 135 5 0 5 143 5 143 5 0 5 149 5 
24   1   252    252 142 5 145 5 143 5 141 5 136 5 159 5 140 5 140 5 120 5 0 5 
24   1   253    253 140 6 144 6 142 6 139 6 132 6 156 6 141 6 141 6 124 6 143 6 
24   1   254    254 141 4 145 4 142 4 138 4 133 4 161 4 140 4 138 4 123 4 145 4 
24   1   255    255 141 6 147 6 144 6 137 6 132 6 157 6 141 6 144 6 129 6 146 6 
24   1   256    256 141 9 144 9 0 9 138 9 130 9 153 9 143 9 143 9 0 9 146 9 
24   1   257    257 138 6 144 6 140 6 136 6 131 6 154 6 139 6 136 6 0 6 0 6 
24   1   258    258 142 5 146 5 141 5 0 5 134 5 160 5 143 5 142 5 124 5 141 5 
24   1   259    259 0 5 0 5 141 5 138 5 132 5 157 5 142 5 142 5 0 5 147 5 
24   1   260    260 141 6 146 6 144 6 139 6 134 6 157 6 138 6 141 6 126 6 145 6 
24   1   261    261 0 3 0 3 0 3 0 3 0 3 0 3 0 3 0 3 0 3 0 3 
24   1   262    262 141 9 146 9 143 9 140 9 133 9 156 9 146 9 140 9 125 9 144 9 
24   1   263    263 0 8 0 8 143 8 0 8 135 8 0 8 141 8 142 8 125 8 147 8 
24   1   264    264 141 5 145 5 0 5 138 5 131 5 0 5 0 5 140 5 122 5 146 5 
24   1   265    265 0 8 0 8 143 8 0 8 136 8 156 8 144 8 0 8 0 8 0 8 
24   1   266    266 139 6 145 6 142 6 139 6 132 6 155 6 143 6 140 6 126 6 144 6 
24   1   267    267 0 9 144 9 140 9 137 9 132 9 157 9 142 9 140 9 124 9 145 9 
24   1   268    268 0 3 0 3 0 3 0 3 0 3 0 3 0 3 0 3 0 3 0 3 
24   1   269    269 140 7 145 7 0 7 141 7 135 7 0 7 143 7 0 7 0 7 0 7 
24   1   270    270 141 8 0 8 0 8 143 8 135 8 159 8 141 8 140 8 0 8 143 8 
24   1   271    271 139 9 0 9 141 9 0 9 0 9 154 9 139 9 138 9 128 9 143 9 
24   1   272    272 140 5 141 5 141 5 137 5 129 5 155 5 141 5 139 5 127 5 145 5 
24   1   273    273 0 3 0 3 0 3 0 3 0 3 0 3 0 3 0 3 0 3 0 3 
24   1   274    274 140 6 148 6 142 6 137 6 134 6 154 6 140 6 140 6 127 6 143 6 
24   1   275    275 140 8 143 8 138 8 140 8 132 8 155 8 141 8 140 8 123 8 143 8 
24   1   276    276 140 8 140 8 142 8 138 8 141 8 158 8 139 8 138 8 124 8 145 8 
24   1   277    277 140 8 144 8 140 8 139 8 132 8 159 8 0 8 142 8 125 8 0 8 
24   1   278    278 141 9 147 9 142 9 139 9 134 9 158 9 141 9 142 9 0 9 144 9 
24   1   279    279 146 6 144 6 147 6 137 6 130 6 163 6 142 6 141 6 124 6 0 6 
24   1   280    280 141 8 145 8 143 8 136 8 133 8 156 8 139 8 141 8 120 8 144 8 
24   1   281    281 141 6 143 6 140 6 139 6 133 6 150 6 138 6 142 6 129 6 142 6 
24   1   282    282 143 6 149 6 143 6 139 6 135 6 161 6 143 6 144 6 0 6 0 6 
24   1   283    283 137 8 147 8 141 8 140 8 134 8 155 8 132 6 142 6 125 6 144 6 
24   1   284    284 143 6 145 6 146 6 139 6 135 6 157 6 143 6 140 6 125 6 147 6 
24   1   285    285 0 5 0 5 142 5 0 5 140 5 156 5 142 5 140 5 145 5 145 5 
24   1   286    286 138 5 143 5 140 5 137 5 132 5 158 5 141 5 140 5 126 5 142 5 
24   1   287    287 139 3 141 3 140 3 135 3 132 3 158 3 150 3 137 3 122 3 145 3 
24   1   288    288 141 5 146 5 0 5 139 5 133 5 157 5 141 5 136 5 121 5 143 5 
24   1   289    289 145 5 0 5 145 5 137 5 134 5 155 5 140 5 141 5 124 5 144 5 
24   1   290    290 140 5 146 5 145 5 136 5 134 5 155 5 138 5 142 5 121 5 142 5 
24   1   291    291 141 5 144 5 143 5 138 5 133 5 158 5 144 5 141 5 125 5 145 5 
24   1   292    292 0 7 0 7 0 7 0 7 129 7 0 7 139 7 145 7 0 7 147 7 
24   1   293    293 138 5 146 5 141 5 141 5 132 5 157 5 140 5 138 5 0 5 143 5 
24   1   294    294 140 8 144 8 132 8 140 8 133 8 159 8 139 8 140 8 126 8 145 8 
24   1   295    295 148 8 147 8 151 8 138 8 132 8 152 8 140 8 143 8 129 8 147 8 
24   1   296    296 140 5 144 5 142 5 137 5 0 5 156 5 143 5 141 5 125 5 144 5 
24   1   297    297 0 5 149 5 0 5 139 5 135 5 0 5 141 5 142 5 122 5 0 5 
24   1   298    298 144 6 147 6 141 6 139 6 134 6 150 6 142 6 141 6 0 6 145 6 
24   1   299    299 140 8 148 8 141 8 140 8 0 8 0 8 142 8 0 8 123 8 0 8 
24   1   300    300 141 6 147 6 144 6 0 6 0 6 158 6 143 6 142 6 0 6 146 6 
24   1   301    301 155 9 146 9 0 9 138 9 133 9 154 9 140 9 139 9 123 9 146 9 
24   1   302    302 0 4 142 4 142 4 140 4 137 4 160 4 140 4 139 4 0 4 145 4 
24   1   303    303 0 3 0 3 0 3 0 3 0 3 0 3 0 3 0 3 0 3 0 3 
24   1   304    304 0 9 145 9 141 9 0 9 133 9 154 9 145 9 143 9 0 9 0 9 
24   1   305    305 0 9 146 9 142 9 139 9 134 9 158 9 139 9 140 9 126 9 142 9 
24   1   306    306 0 5 0 5 145 5 0 5 0 5 0 5 142 5 143 5 124 5 144 5 
24   1   307    307 139 6 145 6 147 6 138 6 133 6 158 6 140 6 141 6 0 6 147 6 
24   1   308    308 143 7 143 7 142 7 0 7 134 7 158 7 143 7 144 7 128 7 148 7 
24   1   309    309 136 9 143 9 143 9 138 9 138 9 0 9 144 9 145 9 128 9 149 9 
24   1   310    310 0 3 0 3 0 3 0 3 0 3 0 3 0 3 0 3 0 3 0 3 
24   1   311    311 143 6 146 6 142 6 134 6 131 6 157 6 0 6 139 6 123 6 0 6 
24   1   312    312 140 4 145 4 143 4 137 4 134 4 0 4 140 4 138 4 123 4 144 4 
24   1   313    313 0 7 0 7 142 7 0 7 0 7 160 7 143 7 143 7 126 7 145 7 
24   1   314    314 139 7 145 7 146 7 138 7 130 7 159 7 0 7 141 7 125 7 143 7 
24   1   315    315 141 6 144 6 143 6 138 6 134 6 158 6 143 6 139 6 125 6 146 6 
24   1   316    316 0 6 0 6 141 6 139 6 133 6 157 6 146 6 141 6 128 6 144 6 
24   1   317    317 142 8 143 8 141 8 139 8 137 8 158 8 142 8 141 8 125 8 145 8 
24   1   318    318 0 5 146 5 142 5 139 5 134 5 0 5 0 5 140 5 0 5 144 5 
24   1   319    319 0 7 0 7 0 7 0 7 132 7 0 7 143 7 0 7 0 7 145 7 
24   1   320    320 0 6 0 6 142 6 139 6 133 6 158 6 0 6 0 6 127 6 146 6 
24   1   321    321 140 5 0 5 142 5 0 5 131 5 0 5 145 5 141 5 0 5 0 5 
24   1   322    322 0 6 146 6 144 6 141 6 0 6 157 6 142 6 143 6 125 6 0 6 
24   1   323    323 140 5 146 5 0 5 139 5 132 5 159 5 142 5 0 5 0 5 144 5 
24   1   324    324 137 9 143 5 0 5 137 5 136 5 0 5 141 5 139 5 126 5 146 5 
24   1   325    325 135 6 145 6 141 6 138 6 133 6 157 6 141 6 140 6 0 6 144 6 
24   1   326    326 142 8 147 8 141 8 0 8 138 8 155 8 139 8 0 8 126 8 0 8 
24   1   327    327 0 6 147 6 143 6 140 6 134 6 157 6 143 6 140 6 125 6 146 6 
24   1   328    328 142 3 144 3 140 3 0 3 135 3 0 3 144 3 143 3 0 3 155 3 
24   1   329    329 0 6 149 6 143 6 140 6 132 6 158 6 0 6 142 6 127 6 147 6 
24   1   330    330 140 6 145 6 140 6 138 6 133 6 157 6 143 6 141 6 127 6 146 6 
24   1   331    331 137 5 143 5 144 5 138 5 133 5 158 5 142 5 140 5 122 5 145 5 
24   1   332    332 0 5 146 5 143 5 139 5 130 5 156 5 145 5 143 5 0 5 143 5 
24   1   333    333 0 3 0 3 0 3 0 3 0 3 0 3 0 3 0 3 0 3 0 3 
24   1   334    334 0 4 0 4 0 4 0 4 0 4 0 4 0 4 0 4 0 4 0 4 
24   1   335    335 140 9 147 9 142 9 138 9 134 9 154 9 141 9 142 9 124 9 146 9 
24   1   336    336 144 8 147 8 143 8 0 8 136 8 0 8 145 8 0 8 0 8 0 8 
24   1   337    337 134 5 140 5 143 5 136 5 135 5 159 5 140 5 140 5 129 5 146 5 
24   1   338    338 141 6 145 6 143 6 138 6 133 6 158 6 143 6 142 6 121 6 146 6 
24   1   339    339 0 0 0 0 0 0 0 0 0 0 0 0 0 0 0 0 0 0 0 0 
24   1   340    340 142 5 146 5 142 5 140 5 133 5 159 5 144 5 143 5 126 5 146 5 
24   1   341    341 142 6 146 6 140 6 139 6 135 6 160 6 142 6 138 6 128 6 147 6 
24   1   342    342 141 9 145 9 142 9 140 9 134 9 157 9 138 9 142 9 124 9 144 9 
24   1   343    343 139 5 141 5 140 5 137 5 131 5 156 5 0 5 138 5 122 5 142 5 
24   1   344    344 138 6 145 6 142 6 139 6 133 6 155 6 141 6 140 6 126 6 144 6 
24   1   345    345 0 5 143 5 142 5 139 5 133 5 154 5 143 5 141 5 128 5 146 5 
24   1   346    346 138 3 144 3 138 3 138 3 132 3 155 3 142 3 140 3 124 3 146 3 
24   1   347    347 143 9 142 9 141 9 143 9 134 9 156 9 144 9 141 9 123 9 146 9 
24   1   348    348 139 6 0 6 142 6 0 6 133 6 156 6 141 6 140 6 0 6 144 6 
24   1   349    349 0 0 0 0 0 0 0 0 0 0 0 0 0 0 0 0 0 0 0 0 
24   1   350    350 0 3 0 3 0 3 0 3 0 3 0 3 0 3 0 3 0 3 0 3 
24   1   351    351 142 6 147 6 143 6 138 6 133 6 0 6 142 6 142 6 0 6 147 6 
24   1   352    352 137 3 0 3 145 3 142 3 0 3 160 3 145 3 142 3 126 3 140 3 
24   1   353    353 0 3 0 3 0 3 0 3 0 3 0 3 0 3 0 3 0 3 0 3 
24   1   354    354 141 6 148 6 146 6 137 6 133 6 158 6 143 6 142 6 125 6 146 6 
24   1   355    355 0 3 0 3 0 3 138 3 0 3 0 3 140 3 142 3 126 3 144 3 
24   1   356    356 140 6 147 6 143 6 0 6 131 6 157 6 143 6 141 6 124 6 144 6 
24   1   357    357 0 0 0 0 0 0 0 0 0 0 0 0 0 0 0 0 0 0 0 0 
24   1   358    358 141 5 145 5 142 5 0 5 135 5 141 5 0 5 140 5 0 5 145 5 
24   1   359    359 143 3 141 3 143 3 144 8 131 8 155 8 143 8 138 8 123 8 143 8 
24   1   360    360 140 5 0 5 147 8 141 8 135 8 160 8 140 8 0 8 0 8 145 8 
24   1   361    361 141 9 145 9 140 9 138 9 131 9 153 9 143 9 141 9 0 9 144 9 
24   1   362    362 138 9 144 9 139 9 135 9 131 9 153 9 143 9 138 9 125 9 145 9 
24   1   363    363 141 8 145 8 144 8 0 8 0 6 158 6 0 6 140 6 128 6 146 6 
24   1   364    364 136 3 145 3 156 9 139 9 0 9 155 9 0 9 142 9 0 9 145 9 
24   1   365    365 139 5 145 5 143 5 139 5 131 5 158 5 144 5 143 5 0 5 145 5 
24   1   366    366 143 6 144 6 143 6 138 6 133 6 155 6 140 6 141 6 126 6 145 6 
24   1   367    367 136 9 148 9 144 9 139 9 134 9 153 9 0 9 142 9 127 9 143 9 
24   1   368    368 140 6 145 6 142 6 138 6 132 6 0 6 142 6 143 6 125 6 146 6 
24   1   369    369 0 8 0 8 0 8 0 8 134 8 162 8 147 8 145 8 0 8 152 8 
24   1   370    370 0 7 147 7 137 9 141 9 135 9 154 9 142 9 140 9 124 9 148 9 
24   1   371    371 141 8 144 8 141 8 0 8 134 8 156 8 141 8 152 8 126 8 144 8 
24   1   372    372 140 6 145 6 0 6 139 6 0 6 157 6 144 6 141 6 125 6 147 6 
24   1   373    373 141 5 143 5 0 5 139 5 133 5 157 5 141 5 0 5 0 5 146 5 
24   1   374    374 141 6 0 6 0 6 0 6 0 6 0 6 0 6 145 6 0 6 0 6 
24   1   375    375 139 8 146 8 141 8 137 8 133 8 159 8 144 8 143 8 127 8 144 8 
24   1   376    376 0 5 146 5 0 5 140 5 0 5 0 5 141 5 139 5 123 5 144 5 
24   1   377    377 142 5 144 5 0 5 139 5 134 5 155 5 145 5 141 5 129 5 141 5 
24   1   378    378 0 5 0 5 0 5 0 5 0 5 0 5 0 5 0 5 0 5 0 5 
24   1   379    379 0 6 144 6 142 6 0 6 134 6 155 6 141 6 142 6 0 6 144 6 
24   1   380    380 141 6 0 6 0 3 139 3 135 3 157 3 147 3 142 3 128 3 147 3 
24   1   381    381 0 7 0 7 0 7 0 7 0 7 0 7 144 7 0 7 0 7 138 7 
24   1   382    382 0 9 0 9 0 9 0 9 0 9 0 9 0 9 0 9 0 9 0 9 
24   1   383    383 140 9 146 9 141 9 138 9 132 9 158 9 141 9 142 9 126 9 146 9 
24   1   384    384 135 3 141 3 141 8 136 8 0 8 0 8 140 8 139 8 0 8 141 8 
24   1   385    385 0 0 0 0 0 0 0 0 0 0 0 0 0 0 0 0 0 0 0 0 
24   1   386    386 139 9 145 9 145 9 137 9 0 9 154 9 0 9 0 9 124 9 148 9 
24   1   387    387 140 9 145 9 0 9 0 9 0 9 154 9 0 9 0 9 0 9 0 9 
24   1   388    388 140 6 145 6 141 6 139 6 134 6 158 6 143 6 143 6 125 6 144 6 
24   1   389    389 142 5 145 5 140 5 0 5 133 5 155 5 143 5 140 5 124 5 144 5 
24   1   390    390 0 8 0 8 0 8 0 8 0 8 0 8 0 8 0 8 0 8 0 8 
24   1   391    391 0 0 0 0 0 0 0 0 0 0 0 0 0 0 0 0 0 0 0 0 
24   1   392    392 0 6 0 6 0 6 0 6 0 6 0 6 0 6 0 6 0 6 0 6 
24   1   393    393 143 8 0 8 145 8 140 8 133 8 0 8 140 8 0 8 125 8 146 8 
24   1   394    394 143 6 146 6 143 6 138 6 151 6 0 6 0 6 139 6 122 6 145 6 
24   1   395    395 0 0 0 0 0 0 0 0 0 0 0 0 0 0 0 0 0 0 0 0 
24   1   396    396 138 5 143 5 146 5 0 5 134 5 160 5 148 5 138 5 0 5 146 5 
24   1   397    397 139 6 145 6 139 6 135 6 133 6 155 6 147 6 140 6 125 6 143 6 
24   1   398    398 0 0 0 0 0 0 0 0 0 0 0 0 0 0 0 0 0 0 0 0 
24   1   399    399 142 6 147 6 144 6 136 6 136 6 154 6 143 6 139 6 125 6 145 6 
24   1   400    400 0 3 0 3 141 3 139 3 133 3 157 3 143 3 140 3 0 3 0 3 
24   1   401    401 0 7 157 7 140 7 138 7 134 7 150 7 138 7 0 7 0 7 0 7 
24   1   402    402 143 3 144 3 104 3 139 9 135 9 155 9 147 9 137 9 120 9 153 9 
24   1   403    403 0 9 140 9 141 9 134 9 0 9 0 9 0 9 0 9 0 9 144 9 
24   1   404    404 145 8 148 8 140 8 138 6 0 6 157 6 147 6 142 6 122 6 144 6 
24   1   405    405 138 9 143 9 139 9 138 9 132 9 155 9 144 9 139 9 122 9 144 9 
24   1   406    406 140 5 138 5 142 5 139 5 0 5 154 5 141 5 140 5 127 5 142 5 
24   1   407    407 0 0 0 0 0 0 0 0 0 0 0 0 0 0 0 0 0 0 0 0 
24   1   408    408 142 9 0 9 142 9 137 9 136 9 156 9 143 9 0 9 124 9 146 9 
24   1   409    409 141 6 146 6 143 6 139 6 133 6 160 6 144 6 142 6 128 6 146 6 
24   1   410    410 141 6 145 6 141 6 137 6 0 6 155 6 143 6 0 6 126 6 145 6 
24   1   411    411 138 6 146 6 141 6 137 6 131 6 0 6 142 6 140 6 126 6 147 6 
24   1   412    412 0 5 0 5 145 5 145 5 0 5 0 5 143 5 0 5 0 5 0 5 
24   1   413    413 142 7 143 7 142 7 112 7 0 7 159 7 146 7 141 7 126 7 144 7 
24   1   414    414 0 6 0 6 0 6 0 6 133 6 0 6 0 6 142 6 0 6 0 6 
24   1   415    415 137 6 143 6 0 6 135 6 132 6 155 6 143 6 139 6 124 6 147 6 
24   1   416    416 143 9 145 9 138 9 139 9 133 9 155 9 143 9 140 9 125 9 146 9 
24   1   417    417 0 0 0 0 0 0 0 0 0 0 0 0 0 0 0 0 0 0 0 0 
24   1   418    418 137 9 0 9 0 9 0 9 136 9 152 9 139 9 143 9 0 9 144 9 
24   1   419    419 0 3 0 3 0 3 0 3 0 3 0 3 0 3 0 3 0 3 0 3 
24   1   420    420 140 9 146 9 0 9 136 9 133 9 159 9 144 9 139 9 0 9 144 9 
24   1   421    421 139 6 0 6 0 6 0 6 130 6 160 6 145 6 140 6 123 6 0 6 
24   1   422    422 145 9 147 9 143 9 139 9 137 9 154 9 143 9 142 9 128 9 143 9 
24   1   423    423 0 0 0 0 0 0 0 0 0 0 0 0 0 0 0 0 0 0 0 0 
24   1   424    424 141 6 146 6 140 6 139 6 134 6 156 6 143 6 142 6 0 6 146 6 
24   1   425    425 142 9 145 9 139 9 141 9 133 9 159 9 143 9 0 9 125 9 146 9 
24   1   426    426 0 9 141 9 142 9 139 9 137 9 156 9 143 9 140 9 122 9 145 9 
24   1   427    427 143 9 148 9 145 9 0 9 133 9 159 9 146 9 144 9 125 9 144 9 
24   1   428    428 143 6 0 6 0 6 137 6 131 6 157 6 140 6 142 6 122 6 144 6 
24   1   429    429 140 8 0 8 0 8 0 8 133 8 0 8 141 8 140 8 124 8 146 8 
24   1   430    430 141 3 144 3 142 3 137 3 132 3 158 8 143 8 142 8 126 8 143 8 
24   1   431    431 133 7 0 7 143 7 130 7 130 7 150 7 140 7 0 7 122 7 140 7 
24   1   432    432 0 0 0 0 0 0 0 0 0 0 0 0 0 0 0 0 0 0 0 0 
24   1   433    433 141 6 0 6 0 6 139 6 0 6 158 6 0 6 141 6 0 6 145 6 
24   1   434    434 146 3 0 3 135 3 0 3 130 3 158 3 0 3 144 3 130 3 0 3 
24   1   435    435 138 8 145 8 142 8 137 8 134 8 158 8 140 8 141 8 127 8 149 8 
24   1   436    436 0 6 0 6 140 6 140 6 135 6 159 6 144 6 0 6 124 6 0 6 
24   1   437    437 141 9 145 9 0 9 140 9 133 9 159 9 143 9 141 9 0 9 145 9 
24   1   438    438 138 9 144 9 139 9 140 9 133 9 157 9 140 9 140 9 125 9 146 9 
24   1   439    439 0 9 141 9 0 9 0 9 0 9 0 9 0 9 0 9 0 9 0 9 
24   1   440    440 0 0 0 0 0 0 0 0 0 0 0 0 0 0 0 0 0 0 0 0 
24   1   441    441 0 9 147 9 0 9 0 9 0 9 0 9 0 9 0 9 0 9 0 9 
24   1   442    442 139 9 147 9 144 9 141 9 134 9 0 9 144 9 0 9 126 9 0 9 
24   1   443    443 0 0 0 0 0 0 0 0 0 0 0 0 0 0 0 0 0 0 0 0 
24   1   444    444 0 0 0 0 0 6 141 6 134 6 154 6 142 6 140 6 124 6 141 6 
24   1   445    445 141 5 148 5 140 5 0 5 132 5 159 5 142 5 140 5 123 5 143 5 
24   1   446    446 139 5 146 5 143 5 139 5 133 5 158 5 143 5 140 5 0 5 144 5 
24   1   447    447 140 9 146 9 0 9 135 9 132 9 152 9 142 9 141 9 125 9 145 9 
24   1   448    448 144 7 144 7 0 7 142 7 135 7 151 7 139 7 148 7 133 7 144 7 
24   1   449    449 0 6 147 6 0 6 141 6 0 6 160 6 145 6 0 6 0 6 146 6 
24   1   450    450 137 6 145 6 142 6 138 6 133 6 156 6 141 6 141 6 0 6 145 6 
24   1   451    451 140 6 144 6 137 6 0 6 133 6 156 6 146 6 141 6 124 6 0 6 
24   1   452    452 147 8 152 8 0 8 141 8 0 8 155 8 147 8 147 8 134 8 152 8 
24   1   453    453 136 9 141 9 139 9 0 9 134 9 158 9 141 9 141 9 128 9 145 9 
24   1   454    454 0 9 147 9 141 9 0 9 135 9 159 9 0 9 0 9 141 9 0 9 
24   1   455    455 144 7 149 7 0 7 138 7 135 7 156 7 137 7 135 7 123 7 144 7 
24   1   456    456 137 8 148 8 140 8 139 8 0 8 160 8 142 8 143 8 127 8 143 8 
24   1   457    457 0 0 146 5 145 5 138 5 0 5 0 5 141 5 140 5 0 5 141 5 
24   1   458    458 0 0 0 0 142 9 0 9 132 9 158 9 0 9 142 9 125 9 146 9 
24   1   459    459 0 0 0 0 0 0 0 0 0 0 0 0 0 0 0 0 0 0 0 0 
24   1   460    460 0 0 0 0 0 0 0 0 0 0 0 9 0 9 144 9 0 9 140 9 
24   1   461    461 0 0 0 0 0 0 0 0 0 0 153 7 125 7 140 7 120 7 130 7 
24   1   462    462 0 0 0 0 0 0 0 0 0 0 0 6 0 6 0 6 125 6 147 6 
24   1   463    463 0 0 0 0 0 0 0 0 0 0 157 0 142 6 141 6 125 6 143 6 
24   1   464    464 0 0 0 0 0 0 0 0 0 0 0 0 142 9 141 9 126 9 145 9 
24   1   465    465 0 0 0 0 0 0 0 0 0 0 0 0 0 6 147 6 134 6 137 6 
24   1   466    466 0 0 0 0 0 0 0 0 0 0 0 0 0 0 0 0 0 0 0 0 
24   1   467    467 0 0 0 0 0 0 0 0 0 0 0 0 0 0 0 0 0 0 0 0 
24   1   468    468 0 0 0 0 0 0 0 0 0 0 0 0 0 0 0 0 0 0 0 0 
24   1   469    469 0 0 0 0 0 0 0 0 0 0 0 0 0 0 0 0 0 0 0 0 
24   1   470    470 0 0 0 0 0 0 0 0 0 0 0 0 0 0 0 0 0 0 0 0 
24   1   471    471 0 0 0 0 0 0 0 0 0 0 0 0 0 0 0 0 0 0 0 0 
24   1   472    472 0 0 0 0 0 0 0 0 0 0 0 0 0 0 0 0 0 0 0 0 
24   1   473    473 0 0 0 0 0 0 0 0 0 0 0 0 0 0 0 0 0 0 0 0 
24   1   474    474 0 0 0 0 0 0 0 0 0 0 0 0 0 0 0 0 0 0 0 0 
24   1   475    475 0 0 0 0 0 0 0 0 0 0 0 0 0 0 0 0 0 0 0 0 
24   1   476    476 0 0 0 0 0 0 0 0 0 0 0 0 0 0 0 0 0 0 0 0 
24   1   477    477 0 0 0 0 0 0 0 0 0 0 0 0 0 0 0 0 0 0 0 0 
24   1   478    478 0 0 0 0 0 0 0 0 0 0 0 0 0 0 0 0 0 0 0 0 
24   1   479    479 0 0 0 0 0 0 0 0 0 0 0 0 0 0 0 0 0 0 0 0 
24   1   480    480 0 0 0 0 0 0 0 0 0 0 0 0 0 0 0 0 0 0 0 0 
24   1   481    481 0 0 0 0 0 0 0 0 0 0 0 0 0 0 0 0 0 0 0 0 
24   1   482    482 0 0 0 0 0 0 0 0 0 0 0 0 0 0 0 0 0 0 0 0 
24   1   483    483 0 0 0 0 0 0 0 0 0 0 0 0 0 0 0 0 0 0 0 0 
24   1   484    484 0 0 0 0 0 0 0 0 0 0 0 0 0 0 0 0 0 0 0 0 
24   1   485    485 0 0 0 0 0 0 0 0 0 0 0 0 0 0 0 0 0 0 0 0 
24   1   486    486 0 0 0 0 0 0 0 0 0 0 0 0 0 0 0 0 0 0 0 0 
24   1   487    487 0 0 0 0 0 0 0 0 0 0 0 0 0 0 0 0 0 0 0 0 
24   1   488    488 0 0 0 0 0 0 0 0 0 0 0 0 0 0 0 0 0 0 0 0 
24   1   489    489 0 0 0 0 0 0 0 0 0 0 0 0 0 0 0 0 0 0 0 0 
24   1   490    490 0 0 0 0 0 0 0 0 0 0 0 0 0 0 0 0 0 0 0 0 
24   1   491    491 0 0 0 0 0 0 0 0 0 0 0 0 0 0 0 0 0 0 0 0 
24   1   492    492 0 0 0 0 0 0 0 0 0 0 0 0 0 0 0 0 0 0 0 0 
24   1   493    493 0 0 0 0 0 0 0 0 0 0 0 0 0 0 0 0 0 0 0 0 
24   1   494    494 0 0 0 0 0 0 0 0 0 0 0 0 0 0 0 0 0 0 0 0 
24   1   495    495 0 0 0 0 0 0 0 0 0 0 0 0 0 0 0 0 0 0 0 0 
24   1   496    496 0 0 0 0 0 0 0 0 0 0 0 0 0 0 0 0 0 0 0 0 
24   1   497    497 0 0 0 0 0 0 0 0 0 0 0 0 0 0 0 0 0 0 0 0 
24   1   498    498 0 0 0 0 0 0 0 0 0 0 0 0 0 0 0 0 0 0 0 0 
24   1   499    499 0 0 0 0 0 0 0 0 0 0 0 0 0 0 0 0 0 0 0 0 
24   1   500    500 0 0 0 0 0 0 0 0 0 0 0 0 0 0 0 0 0 0 0 0 
