25   1     1     A1 W1 1206 1202 1202 1201
25   1     2     A1 2.0A 1068 1071 1067 1066
25   1     3     A1 W2 1194 1193 1189 1185
25   1     4     A1 2.0B 1072 1068 1064 1067
25   1     5     A1 U1 1387 1387 1384 1380
25   1     6     A1 2.5 1333 1321 1326 1317
25   1     7     A1 U2 1394 1390 1383 1376
25   1     8     A1 3.0A 1579 1576 1578 1572
25   1     9     A1 Y1 1478 1480 1473 1466
25   1    10     A1 3.0B 1579 1571 1579 1567
25   1    11     A1 Y2 1483 1477 1482 1472
25   1    12     A2 W1 1124 1133 1139 1133
25   1    13     A2 2.0A 1002 1001 1002 1003
25   1    14     A2 W2 1116 1125 1125 1117
25   1    15     A2 2.0B 1008 1006 1009 1005
25   1    16     A2 U1 1304 1306 1305 1302
25   1    17     A2 2.5 1248 1248 1251 1246
25   1    18     A2 U2 1301 1305 1308 1305
25   1    19     A2 3.0A 1487 1479 1483 1486
25   1    20     A2 Y1 1382 1388 1390 1385
25   1    21     A2 3.0B 1478 1485 1484 1484
25   1    22     A2 Y2 1386 1391 1385 1385
25   1    23     B1 W1 1017 1017 1012 1020
25   1    24     B1 2.0A 910 916 915 921
25   1    25     B1 W2 1012 1018 1015 1023
25   1    26     B1 2.0B 913 923 914 921
25   1    27     B1 U1 1188 1199 1197 1202
25   1    28     B1 2.5 1129 1148 1136 1147
25   1    29     B1 U2 1186 1196 1193 1199
25   1    30     B1 3.0A 1359 1378 1370 1373
25   1    31     B1 Y1 1263 1280 1280 1279
25   1    32     B1 3.0B 1349 1361 1359 1363
25   1    33     B1 Y2 1259 1269 1259 1265
25   1    34     B2 W1 965 961 960 962
25   1    35     B2 2.0A 869 869 875 870
25   1    36     B2 W2 970 971 968 964
25   1    37     B2 2.0B 870 874 872 877
25   1    38     B2 U1 1129 1133 1126 1134
25   1    39     B2 2.5 1076 1084 1091 1082
25   1    40     B2 U2 1131 1128 1124 1123
25   1    41     B2 3.0A 1297 1294 1292 1300
25   1    42     B2 Y1 1207 1204 1206 1210
25   1    43     B2 3.0B 1290 1286 1281 1291
25   1    44     B2 Y2 1206 1203 1191 1202
25   1    45     C1 W1 1090 1098 1090 1100
25   1    46     C1 2.0A 969 975 969 972
25   1    47     C1 W2 1088 1092 1087 1085
25   1    48     C1 2.0B 969 960 960 966
25   1    49     C1 U1 1270 1261 1261 1269
25   1    50     C1 2.5 1196 1196 1209 1200
25   1    51     C1 U2 1261 1268 1270 1273
25   1    52     C1 3.0A 1451 1440 1439 1449
25   1    53     C1 Y1 1352 1349 1353 1343
25   1    54     C1 3.0B 1439 1433 1433 1445
25   1    55     C1 Y2 1349 1353 1349 1355
25   1    56     C2 W1 875 877 875 883
25   1    57     C2 2.0A 763 764 768 770
25   1    58     C2 W2 864 870 867 867
25   1    59     C2 2.0B 769 769 768 763
25   1    60     C2 U1 1006 1015 1010 1013
25   1    61     C2 2.5 957 957 962 958
25   1    62     C2 U2 1007 1007 1011 1010
25   1    63     C2 3.0A 1152 1154 1154 1158
25   1    64     C2 Y1 1083 1079 1079 1085
25   1    65     C2 3.0B 1158 1152 1156 1158
25   1    66     C2 Y2 1078 1079 1073 1085
25   1    67     D1 2.0A 1122 1117 1119 1120
25   1    68     D1 W2 1256 1254 1256 1263
25   1    69     D1 W1 1260 1251 1252 1264
25   1    70     D1 2.0B 1122 1110 1111 1116
25   1    71     D1 U2 1453 1447 1451 1455
25   1    72     D1 2.5 1386 1381 1381 1387
25   1    73     D1 U1 1450 1446 1448 1457
25   1    74     D1 3.0A 1656 1663 1659 1665
25   1    75     D1 Y2 1543 1548 1543 1545
25   1    76     D1 3.0B 1658 1658 1661 1660
25   1    77     D1 Y1 1545 1546 1548 1544
25   1    78     D2 W2 1128 1136 1134 1131
25   1    79     D2 2.0A 1003 1011 1014 1015
25   1    80     D2 W1 1131 1137 1140 1132
25   1    81     D2 2.0B 1008 1009 1011 1008
25   1    82     D2 U2 1322 1324 1325 1321
25   1    83     D2 2.5 1254 1259 1256 1252
25   1    84     D2 U1 1324 1322 1321 1319
25   1    85     D2 3.0A 1505 1507 1501 1500
25   1    86     D2 Y2 1403 1405 1406 1391
25   1    87     D2 3.0B 1500 1503 1497 1496
25   1    88     D2 Y1 1397 1409 1404 1391
25   1    89     E1 W1 1548 1552 1569 1560
25   1    90     E1 2.0A 1357 1366 1376 1364
25   1    91     E1 W2 1557 1559 1556 1567
25   1    92     E1 2.0B 1366 1362 1367 1368
25   1    93     E1 U1 1783 1800 1784 1797
25   1    94     E1 2.5 1704 1701 1716 1711
25   1    95     E1 U2 1802 1797 1800 1818
25   1    96     E1 3.0A 2026 2021 2031 2038
25   1    97     E1 Y1 1913 1931 1937 1941
25   1    98     E1 3.0B 2050 2054 2048 2068
25   1    99     E1 Y2 1918 1925 1935 1948
25   1   100     E2 W1 1548 1550 1548 1578
25   1   101     E2 2.0A 1366 1352 1368 1360
25   1   102     E2 W2 1563 1558 1569 1573
25   1   103     E2 2.0B 1359 1355 1368 1383
25   1   104     E2 U1 1782 1795 1804 1812
25   1   105     E2 2.5 1711 1724 1716 1712
25   1   106     E2 U2 1791 1813 1807 1826
25   1   107     E2 3.0A 2028 2030 2037 2049
25   1   108     E2 Y1 1914 1925 1936 1947
25   1   109     E2 3.0B 2026 2051 2066 2063
25   1   110     E2 Y2 1932 1937 1931 1953
25   1   111     F1 W2 1511 1499 1485 1495
25   1   112     F1 2.0A 1362 1352 1351 1359
25   1   113     F1 W1 1531 1521 1521 1535
25   1   114     F1 2.0B 1354 1346 1348 1354
25   1   115     F1 U1 1767 1752 1749 1765
25   1   116     F1 2.5 1684 1678 1682 1685
25   1   117     F1 U2 1785 1767 1768 1766
25   1   118     F1 3.0A 2024 2004 2000 2020
25   1   119     F1 Y1 1860 1862 1858 1866
25   1   120     F1 3.0B 1997 1992 1975 1993
25   1   121     F1 Y2 1882 1871 1876 1873
25   1   122     F2 W2 1338 1335 1331 1328
25   1   123     F2 2.0A 1195 1196 1203 1199
25   1   124     F2 W1 1362 1357 1362 1355
25   1   125     F2 2.0B 1215 1203 1208 1206
25   1   126     F2 U1 1575 1570 1561 1571
25   1   127     F2 2.5 1489 1483 1481 1487
25   1   128     F2 U2 1560 1550 1544 1556
25   1   129     F2 3.0A 1783 1770 1762 1768
25   1   130     F2 Y1 1668 1658 1653 1654
25   1   131     F2 3.0B 1766 1750 1749 1748
25   1   132     F2 Y2 1664 1664 1657 1647
25   1   133     G1 W1 1186 1194 1201 1198
25   1   134     G1 2.0A 1082 1092 1091 1098
25   1   135     G1 W2 1190 1198 1207 1199
25   1   136     G1 2.0B 1086 1098 1096 1096
25   1   137     G1 U1 1381 1379 1382 1385
25   1   138     G1 2.5 1378 1375 1382 1376
25   1   139     G1 U2 1386 1390 1388 1385
25   1   140     G1 3.0A 1660 1665 1674 1672
25   1   141     G1 Y1 1539 1534 1547 1542
25   1   142     G1 3.0B 1654 1655 1665 1669
25   1   143     G1 Y2 1532 1527 1526 1530
25   1   144     G2 W1 1166 1169 1162 1165
25   1   145     G2 2.0A 1062 1072 1069 1067
25   1   146     G2 W2 1172 1186 1178 1170
25   1   147     G2 2.0B 1071 1076 1074 1071
25   1   148     G2 U1 1350 1347 1354 1350
25   1   149     G2 2.5 1348 1350 1348 1351
25   1   150     G2 U2 1352 1347 1352 1351
25   1   151     G2 3.0A 1602 1618 1616 1610
25   1   152     G2 Y1 1508 1510 1511 1508
25   1   153     G2 3.0B 1611 1616 1604 1609
25   1   154     G2 Y2 1490 1486 1496 1486
25   1   155     J1 W1 2327 2321 2325 2321
25   1   156     J1 2.0A 2047 2050 2042 2049
25   1   157     J1 W2 2341 2349 2347 2330
25   1   158     J1 2.0B 2043 2042 2041 2034
25   1   159     J1 U1 2664 2665 2656 2657
25   1   160     J1 2.5 2539 2547 2565 2550
25   1   161     J1 U2 2664 2651 2668 2648
25   1   162     J1 3.0A 3026 3029 3049 3026
25   1   163     J1 Y1 2831 2843 2834 2799
25   1   164     J1 3.0B 3037 3024 3038 3014
25   1   165     J1 Y2 2799 2806 2813 2786
25   1   166     J2 W1 2330 2320 2300 2317
25   1   167     J2 2.0A 2068 2071 2046 2049
25   1   168     J2 W2 2346 2338 2311 2336
25   1   169     J2 2.0B 2041 2063 2035 2044
25   1   170     J2 U1 2686 2656 2651 2665
25   1   171     J2 2.5 2578 2564 2553 2558
25   1   172     J2 U2 2660 2662 2656 2669
25   1   173     J2 3.0A 3061 3073 3031 3041
25   1   174     J2 Y1 2869 2816 2817 2843
25   1   175     J2 3.0B 3064 3046 3042 3047
25   1   176     J2 Y2 2824 2825 2807 2821
25   1   177     K1 W1 1186 1192 1190 1190
25   1   178     K1 2.0A 1067 1085 1078 1076
25   1   179     K1 W2 1221 1228 1227 1234
25   1   180     K1 2.0B 1076 1089 1075 1088
25   1   181     K1 U1 1435 1435 1434 1435
25   1   182     K1 2.5 1361 1358 1347 1363
25   1   183     K1 U2 1438 1428 1423 1426
25   1   184     K1 3.0A 1643 1645 1641 1640
25   1   185     K1 Y1 1520 1523 1527 1521
25   1   186     K1 3.0B 1623 1630 1641 1638
25   1   187     K1 Y2 1527 1530 1533 1530
25   1   188     K2 W1 1158 1146 1139 1132
25   1   189     K2 2.0A 1038 1037 1024 1033
25   1   190     K2 W2 1186 1178 1174 1181
25   1   191     K2 2.0B 1035 1037 1027 1036
25   1   192     K2 U1 1370 1380 1375 1374
25   1   193     K2 2.5 1277 1279 1271 1284
25   1   194     K2 U2 1354 1346 1369 1357
25   1   195     K2 3.0A 1543 1545 1557 1547
25   1   196     K2 Y1 1438 1438 1438 1432
25   1   197     K2 3.0B 1538 1533 1531 1540
25   1   198     K2 Y2 1451 1434 1438 1431
25   1   199     L1 W1 1017 1016 1017 1020
25   1   200     L1 2.0A 798 796 802 807
25   1   201     L1 W2 1014 1017 1020 1023
25   1   202     L1 2.0B 805 797 799 801
25   1   203     L1 U1 1127 1130 1128 1137
25   1   204     L1 2.5 1003 999 997 1001
25   1   205     L1 U2 1162 1158 1157 1153
25   1   206     L1 3.0A 1201 1199 1197 1206
25   1   207     L1 Y2 1172 1171 1160 1167
25   1   208     L1 3.0B 1208 1201 1199 1195
25   1   209     L1 Y1 1175 1173 1167 1169
25   1   210     L2 W1 1019 1020 1011 1022
25   1   211     L2 2.0A 804 807 799 796
25   1   212     L2 W2 1020 1025 1014 1015
25   1   213     L2 2.0B 798 797 795 801
25   1   214     L2 U1 1129 1120 1130 1131
25   1   215     L2 2.5 997 995 1001  995
25   1   216     L2 U2 1154 1162 1156 1159
25   1   217     L2 3.0A 1196 1195 1206 1201
25   1   218     L2 Y2 1169 1167 1164 1162
25   1   219     L2 3.0B 1202 1197 1197 1199
25   1   220     L2 Y1 1180 1168 1172 1170
25   1   221     M1 W1 1146 1161 1150 1152
25   1   222     M1 2.0A 1068 1048 1042 1052
25   1   223     M1 W2 1183 1164 1158 1165
25   1   224     M1 2.0B 1053 1052 1054 1052
25   1   225     M1 U1 1360 1370 1344 1340
25   1   226     M1 2.5 1292 1314 1301 1310
25   1   227     M1 U2 1363 1367 1348 1333
25   1   228     M1 3.0A 1573 1560 1552 1561
25   1   229     M1 Y1 1494 1473 1466 1443
25   1   230     M1 3.0B 1577 1574 1568 1549
25   1   231     M1 Y2 1448 1476 1449 1440
25   1   232     M2 2.0A 1047 1062 1055 1042
25   1   233     M2 W1 1158 1176 1190 1164
25   1   234     M2 W2 1171 1189 1157 1137
25   1   235     M2 2.0B 1057 1062 1045 1048
25   1   236     M2 U1 1352 1364 1353 1355
25   1   237     M2 2.5 1312 1308 1304 1297
25   1   238     M2 U2 1366 1360 1356 1347
25   1   239     M2 3.0A 1561 1559 1554 1539
25   1   240     M2 Y1 1450 1460 1447 1425
25   1   241     M2 3.0B 1560 1575 1548 1545
25   1   242     M2 Y2 1462 1462 1449 1440
25   1   243     N1 W1 1338 1346 1354 1356
25   1   244     N1 2.0A 1204 1208 1215 1214
25   1   245     N1 W2 1357 1369 1377 1365
25   1   246     N1 2.0B 1203 1204 1210 1206
25   1   247     N1 U1 1557 1561 1580 1568
25   1   248     N1 2.5 1496 1501 1501 1508
25   1   249     N1 U2 1560 1565 1577 1569
25   1   250     N1 3.0A 1789 1792 1811 1802
25   1   251     N1 Y1 1659 1660 1664 1673
25   1   252     N1 3.0B 1785 1782 1793 1801
25   1   253     N1 Y2 1652 1648 1663 1665
25   1   254     N2 W1 0678 0684 0691 0682
25   1   255     N2 2.0A 0610 0616 0620 0610
25   1   256     N2 W2 0688 0691 0700 0685
25   1   257     N2 2.0B 0606 0614 0615 0605
25   1   258     N2 U1 0787 0792 0801 0783
25   1   259     N2 2.5 0759 0761 0763 0748
25   1   260     N2 U2 0790 0793 0799 0782
25   1   261     N2 3.0A 0909 0917 0916 0899
25   1   262     N2 Y1 0841 0843 0845 0829
25   1   263     N2 3.0B 0908 0912 0902 0893
25   1   264     N2 Y2 0838 0847 0838 0830
