26   1     1    0 0.00 2993.60 5868.46 8625.71 11267.80 13795.72
26   1     2    0 16210.27 18511.38 20698.87 22771.48 24727.63
26   1     3    0 26564.54 28278.54 29864.94 31317.47 32628.33
26   1     4    0 33787.61 34782.80 35598.11 36213.83 36605.18 36746.82
26   1     5    1 59.79 3051.28 5924.01 8679.24 11319.31 13845.24
26   1     6    1 16257.74 18556.89 20742.36 22813.01 24766.99
26   1     7    1 26601.74 28313.52 29897.56 31347.67 32655.89
26   1     8    1 33812.24 34804.24 35615.97 36227.52 36613.81 36748.79
26   1     9    2 179.01 3166.28 6034.87 8786.11 11422.22 13944.08
26   1    10    2 16352.62 18647.73 20829.13 22895.66 24845.50
26   1    11    2 26675.98 28383.31 29962.67 31407.82 32710.71
26   1    12    2 33861.33 34846.91 35651.46 36254.62 36630.62
26   1    13    3 357.25 3338.21 6200.37 8945.73 11575.75 14091.66
26   1    14    3 16494.18 18783.33 20958.68 23019.07 24962.70
26   1    15    3 26786.70 28487.43 30059.77 31497.48 32792.44
26   1    16    3 33934.39 34910.38 35704.05 36294.53 36654.89
26   1    17    4 593.64 3566.22 6420.27 9157.42 11779.47 14287.52
26   1    18    4 16681.90 18963.14 21130.45 23182.73 25117.97
26   1    19    4 26933.40 28625.17 30188.24 31616.05 32900.30
26   1    20    4 34030.66 34993.82 35772.89 36346.23 36685.32
26   1    21    5 887.08 3849.22 6693.10 9420.29 12032.36 14530.05
26   1    22    5 16914.73 19186.16 21343.41 23385.54 25310.49
26   1    23    5 27115.07 28795.86 30347.22 31762.67 33033.59
26   1    24    5 34149.45 35096.41 35857.00 36408.60 36719.85
26   1    25    6 1236.38 4186.02 7017.74 9733.13 12332.65 14818.70
26   1    26    6 17191.91 19451.20 21596.41 23626.47 25538.88
26   1    27    6 27330.96 28998.22 30535.55 31936.15 33191.13
26   1    28    6 34289.37 35216.75 35954.99 36479.87
26   1    29    7 1640.09 -9999 7392.64 10094.22 12680.61 15152.64
26   1    30    7 -9999 19756.83 21888.53 23904.55 25802.65
26   1    31    7 27579.49 29231.37 30752.37 32135.44 33371.70
26   1    32    7 34449.19 35353.39 36065.24
26   1    33    8 2096.36 -9999 7815.90 10504.21 13075.19 15534.12
26   1    34    8 -9999 20102.38 22217.90
26   1    35    8 -9999 -9999 30995.98 32359.24 33573.58
26   1    36    8 34627.80
26   1    37    9 2603.45
26   1    38    9 -9999 -9999 22583.96
26   1    39    9 -9999 -9999 31264.70
