27   3     1    8398780 8398778 8398768 8398763 8398761 -9999 -9999
27   3     2    8398735 8398728 8398718 8398712 8398707 -9999 -9999
27   3     3    8398684 8398676 8398670 8398662 8398656 -9999 -9999
27   3     4    -9999 8398633 8398624 8398615 8398608 -9999 -9999
27   3     5    8398591 8398579 -9999 -9999 8398566 -9999 -9999
27   3     6    8398532 8398521 8398507 8398496 8397491 5 -1000
27   3     7    8395482 8395476 8395468 8395457 8395449 1 -2000
27   3     8    8395430 8395423 8394417 8394410 8394398 3 -1000
27   3     9    -9999 8394376 8394373 8394369 8394361 -9999 -9999
27   3    10    8394351 8394340 8394329 8394321 8394311 -9999 -9999
27   3    11    8394285 8394277 8394266 8394264 8394255 -9999 -9999
27   3    12    8394237 8394233 8394229 8394222 8394216 -9999 -9999
27   3    13    8394189 8394181 -9999 8394155 8394148 -9999 -9999
27   3    14    8394122 8394114 8394104 8394097 8394085 -9999 -9999
27   3    15    8394053 8394041 8394030 8394020 8394012 -9999 -9999
27   3    16    8393983 8393975 8393962 8393947 8393937 -9999 -9999
27   3    17    8393914 8393895 8393883 8393879 8393874 -9999 -9999
27   3    18    8393846 8393834 8393829 8393818 8393811 -9999 -9999
27   3    19    8393783 8393774 8393761 8393751 -9999 -9999 -9999
27   3    20    -9999 8393714 8393706 8393702 -9999 -9999 -9999
27   3    21    8393670 8393659 8393653 8393642 8393638 -9999 -9999
27   3    22    8393620 8393606 8393592 8393583 8393578 -9999 -9999
27   3    23    8393542 8393531 8393525 8393517 8392503 5 -1000
27   3    24    8392476 8392464 8392458 8392453 8392444 -9999 -9999
27   3    25    8392418 8392412 8392401 8392394 8392381 -9999 -9999
27   3    26    8392353 8392339 -9999 8392309 8392300 -9999 -9999
27   3    27    8392270 8392258 8392243 8392233 8392224 -9999 -9999
27   3    28    8392193 8392176 8392165 8392156 8392145 -9999 -9999
27   3    29    8392110 8392098 8392089 8392076 8392066 -9999 -9999
27   3    30    8392015 8392002 8391994 8391980 8391969 -9999 -9999
27   3    31    8391944 8391935 8391912 8391908 8391894 -9999 -9999
27   3    32    8391872 8386858 8386842 8386836 8386824 2 -5000
27   3    33    8386784 8386779 8386788 8386755 8386740 -9999 -9999
27   3    34    8386703 8386690 8386675 8386663 -9999 -9999 -9999
27   3    35    -9999 8386593 8386579 8386567 8386553 -9999 -9999
27   3    36    8386513 8386497 8386480 8386471 8386456 -9999 -9999
27   3    37    8386410 8386398 8386382 8386367 8386353 -9999 -9999
27   3    38    8386313 8386299 8386286 8386273 8386260 -9999 -9999
27   3    39    8386221 8386204 8386185 8386163 8386142 -9999 -9999
27   3    40    8386109 8386099 8386086 8386072 8386058 -9999 -9999
27   3    41    -9999 8386002 8385994 8385980 8385965 -9999 -9999
27   3    42    8385922 8385910 8385896 8385884 8385875 -9999 -9999
