27   1     1    99986817 9986787 -9999 99986750 99986726 -9999 -9999
27   1     2    99986641 9986627 99986594 99986619 99986566 -9999 -9999
27   1     3    99986489 9986436 99986415 99986402 99986453 -9999 -9999
27   1     4    99986307 9986255 99986239 99986213 99986203 -9999 -9999
27   1     5    99986227 9986186 99986194 99986173 99986131 -9999 -9999
27   1     6    -9999 9986056 99986000 99985963 99985914 -9999 -9999
27   1     7    99985851 -9999 -9999 99984869 99984887 4 -1000
27   1     8    99984931 9984884 99984860 99984844 99984898 -9999 -9999
27   1     9    99984841 9984831 99984812 99984834 99984784 -9999 -9999
27   1    10    99984703 9984677 99984639 99984608 99984563 -9999 -9999
27   1    11    -9999 9984461 99984441 99984415 99984353 -9999 -9999
27   1    12    99984263 9984247 -9999 -9999 99984242 -9999 -9999
27   1    13    99984094 9984056 99983986 99983995 99983928 -9999 -9999
27   1    14    99983880 9983850 99983809 99983766 99983704 -9999 -9999
27   1    15    99983636 9983577 99983544 99983518 99983464 -9999 -9999
27   1    16    -9999 9983378 99983345 99983318 99983298 -9999 -9999
27   1    17    99983165 9983161 99983067 99983106 99983018 -9999 -9999
27   1    18    99982927 9982877 99982876 99982866 99982825 -9999 -9999
27   1    19    99982791 9982723 99982749 99982668 99982673 -9999 -9999
27   1    20    99982559 9982490 -9999 99982512 99982469 -9999 -9999
27   1    21    99982378 9982359 99982321 99982277 99982293 -9999 -9999
27   1    22    99982199 9982135 99982114 99982065 99982036 -9999 -9999
27   1    23    99981963 9981897 99981897 99981847 99981771 -9999 -9999
27   1    24    99981683 9981653 99981609 99981586 99981562 -9999 -9999
27   1    25    99981501 9981466 99981430 99981406 99981397 -9999 -9999
27   1    26    99981351 9981342 99981321 99981273 -9999 -9999 -9999
27   1    27    -9999 9981135 99981138 99981131 -9999 -9999 -9999
27   1    28    99981017 9981017 99981011 99980984 99980956 -9999 -9999
27   1    29    99980922 9980879 99980874 99980826 99980848 -9999 -9999
27   1    30    99980796 9980753 99980701 99980663 99980663 -9999 -9999
27   1    31    99980590 9980582 99980544 99980541 99980499 -9999 -9999
27   1    32    99980449 9980438 99980415 99980363 99980380 -9999 -9999
27   1    33    99980320 9980314 99980283 99980256 99980230 -9999 -9999
27   1    34    99980140 9980142 99980092 99980074 99980073 -9999 -9999
27   1    35    99979955 9979918 99979900 99979852 99979855 -9999 -9999
27   1    36    99979805 9979768 99979682 99979670 99979695 -9999 -9999
27   1    37    99979620 9979571 99979564 99979535 99979541 -9999 -9999
27   1    38    99979461 9979424 99979427 99979406 99979413 -9999 -9999
27   1    39    99979436 9979458 99979439 99979414 99979432 -9999 -9999
27   1    40    99979415 9979407 -9999 -9999 -9999 -9999 -9999
