28   1     1    -12 1 85.54 75.1 6.42 9.39 577.82 581.70 104.13 82.0 140.53
28   1     2    -12 2 85.54 74.3 6.42 9.24 577.77 581.69 102.14 82.0 129.53
28   1     3    -12 3 85.63 85.2 6.42 10.96 577.03 581.52 101.82 82.0 122.17
28   1     4    -12 4 85.08 85.2 6.44 11.52 578.07 576.49 129.77 81.0 115.36
28   1     5    -12 5 84.5 89.1 6.46 12.65 577.93 578.68 128.98 81.0 105.54
28   1     6    -12 6 84.57 88.7 6.46 12.53 570.79 571.28 126.80 80.0 100.33
28   1     7    -12 15 89.08 113.8 6.28 11.04 579.41 582.56 133.16 84.0 98.85
28   1     8    -12 16 89.27 114.6 6.27 10.95 578.57 581.84 132.10 84.0 103.31
28   1     9    -12 17 89.34 112.4 6.27 10.62 577.75 581.51 128.47 84.0 98.68
28   1    10    -12 18 89.82 96.9 6.24 8.36 574.74 579.24 183.29 84.0 95.90
28   1    11    -12 19 90.38 98.5 6.22 8.00 572.43 577.00 181.44 84.0 98.59
28   1    12    -12 20 90.86 99.8 6.19 7.68 583.76 588.71 185.92 86.0 98.25
28   1    13    -2 4 80.25 75.7 6.63 14.79 406.84 403.20 124.25 55.0 150.43
28   1    14    -2 5 80.02 75.8 6.64 15.04 399.28 396.41 120.58 54.0 146.09
28   1    15    -2 6 80.13 77.4 6.64 15.22 398.94 396.15 122.33 54.0 144.41
28   1    16    -2 10 80.69 99.6 6.62 17.83 412.54 409.67 89.59 56.0 145.66
28   1    17    -2 11 80.67 97.7 6.62 17.62 404.28 402.40 89.49 55.0 134.47
28   1    18    -2 12 80.69 96.7 6.62 17.47 411.27 409.65 91.18 56.0 126.44
28   1    19    -2 13 80.74 113.7 6.62 19.38 404.95 402.38 72.12 55.0 139.21
28   1    20    -2 14 80.71 112.0 6.62 19.21 411.24 409.73 73.45 56.0 127.19
28   1    21    -2 15 80.64 110.5 6.62 19.12 411.19 409.89 74.44 56.0 116.33
28   1    22    -1 8 86.97 100.4 6.36 11.65 532.95 534.49 94.87 76.0 89.00
28   1    23    -1 9 87.77 100.3 6.33 10.83 536.77 538.60 96.26 77.0 90.58
28   1    24    -1 10 87.91 99.5 6.32 10.60 536.33 538.09 96.99 77.0 93.17
28   1    25    -1 11 88.05 109.5 6.32 11.60 522.68 523.78 152.79 75.0 97.20
28   1    26    -1 12 88.44 111.9 6.30 11.47 527.12 529.39 156.36 76.0 95.88
28   1    27    -1 13 88.97 114.2 6.28 11.21 531.68 534.45 159.42 77.0 96.52
28   1    28    0 4 83.28 99.2 6.52 15.20 491.14 489.69 203.13 68.0 124.80
28   1    29    0 5 83.07 97.5 6.53 15.19 491.49 490.30 207.02 68.0 117.55
28   1    30    0 6 82.84 96.1 6.53 15.25 491.77 490.98 206.67 68.0 112.76
28   1    31    0 7 82.65 88.3 6.54 14.39 492.70 491.45 149.56 68.0 106.39
28   1    32    0 8 82.77 87.5 6.54 14.16 492.85 491.09 145.19 68.0 104.23
28   1    33    0 9 82.77 85.1 6.54 13.81 492.50 491.06 144.48 68.0 101.54
28   1    34    0 10 82.65 74.6 6.54 12.18 522.38 520.18 112.58 72.0 97.61
28   1    35    0 11 82.35 74.0 6.55 12.37 522.88 521.13 112.86 72.0 97.83
28   1    36    0 12 82.65 74.6 6.54 12.18 528.72 527.40 114.45 73.0 96.94
28   1    37    0 13 82.38 63.1 6.55 10.14 565.93 564.33 98.79 78.0 93.87
28   1    38    0 14 82.45 62.4 6.55 9.92 557.78 556.85 97.61 77.0 94.42
28   1    39    0 15 82.75 62.2 6.53 9.57 563.99 563.03 99.07 78.0 93.95
