28   3     1    6 1 78.88 82.3 6.69 17.27 438.19 436.06 78.93 59.0 120.55
28   3     2    6 2 79.02 83.0 6.68 17.24 482.08 480.03 85.79 65.0 106.15
28   3     3    6 3 79.00 83.2 6.68 17.29 481.02 480.09 84.92 65.0 103.07
28   3     4    6 4 79.35 86.7 6.67 17.47 480.92 479.16 84.73 65.0 84.84
28   3     5    6 5 78.51 85.2 6.70 18.08 483.38 481.47 84.79 65.0 88.64
28   3     6    6 6 77.89 83.7 6.73 18.48 477.74 475.75 83.22 64.0 89.25
28   3     7    6 7 78.00 80.0 6.72 17.79 433.28 430.83 78.38 58.0 85.03
28   3     8    6 8 78.07 82.0 6.72 18.03 433.08 430.68 74.64 58.0 87.98
28   3     9    6 9 78.10 82.4 6.72 18.07 432.96 430.63 75.26 58.0 87.87
28   3    10    6 10 78.95 89.7 6.69 18.29 415.72 413.79 72.50 56.0 82.82
28   3    11    6 11 79.07 90.5 6.68 18.28 422.49 420.90 73.51 57.0 86.80
28   3    12    6 12 79.21 90.8 6.68 18.18 415.00 413.19 72.35 56.0 87.54
28   3    13    7 1 87.31 97.0 6.35 10.89 517.44 519.17 92.59 74.0 95.46
28   3    14    7 2 87.77 98.6 6.33 10.63 515.46 517.59 93.71 74.0 98.38
28   3    15    7 3 87.89 98.0 6.32 10.44 522.00 524.17 95.24 75.0 97.39
28   3    16    7 4 87.75 106.3 6.33 11.55 515.48 517.80 159.48 74.0 99.41
28   3    17    7 5 87.36 109.1 6.35 12.25 517.36 519.20 157.83 74.0 96.54
28   3    18    7 6 87.13 108.5 6.36 12.42 518.07 519.99 158.85 74.0 99.55
28   3    19    7 7 79.76 104.0 6.66 19.27 516.82 514.95 100.14 70.0 99.87
28   3    20    7 8 79.42 105.7 6.67 19.82 517.37 516.02 101.44 70.0 101.82
28   3    21    7 9 79.39 106.5 6.67 19.93 517.39 516.10 101.60 70.0 103.06
28   3    22    7 10 79.51 107.0 6.67 19.87 406.67 405.24 79.08 55.0 102.46 
28   3    23    7 11 79.53 107.6 6.67 19.91 413.88 412.55 80.41 56.0 100.39
28   3    24    7 12 79.49 107.5 6.67 19.95 413.79 412.66 80.25 56.0 96.75
28   3    25    7 13 79.51 107.3 6.67 19.90 509.76 508.39 99.88 69.0 90.74
28   3    26    7 14 79.46 108.2 6.67 20.05 502.47 501.17 98.50 68.0 96.52
28   3    27    7 15 79.46 107.9 6.67 20.01 509.73 508.53 99.21 69.0 92.53
28   3    28    7 16 79.51 108.0 6.67 19.98 509.57 508.40 99.91 69.0 91.38
28   3    29    7 17 79.76 108.3 6.66 19.76 494.00 492.93 95.99 67.0 87.91
28   3    30    7 18 81.13 109.5 6.60 18.52 497.52 496.27 88.92 68.0 83.64
28   3    31    7 19 79.56 104.8 6.67 19.57 494.82 493.49 88.60 67.0 85.15
28   3    32    7 20 78.61 102.2 6.70 20.22 497.76 496.19 88.24 67.0 85.85
28   3    33    8 1 79.69 94.1 6.66 18.13 495.45 492.98 91.09 67.0 115.55
28   3    34    8 2 79.81 94.3 6.65 18.04 494.39 492.64 90.76 67.0 109.69
28   3    35    8 3 79.90 94.5 6.65 17.98 487.24 485.03 89.79 66.0 102.59
28   3    36    9 1 81.22 87.8 6.60 15.75 490.68 488.46 87.29 67.0 143.33
28   3    37    9 2 81.50 88.2 6.59 15.53 496.47 494.92 88.58 68.0 131.99
28   3    38    9 3 81.73 88.6 6.58 15.36 488.34 486.97 87.49 67.0 122.64
28   3    39    9 4 82.03 90.4 6.57 15.31 495.23 493.35 212.45 68.0 110.55
28   3    40    9 5 81.82 90.5 6.57 15.53 487.74 486.72 199.38 67.0 107.80
28   3    41    9 6 81.87 91.0 6.57 15.55 494.77 493.85 210.06 68.0 104.87
28   3    42    9 7 81.80 88.4 6.57 15.26 494.88 494.02 108.84 68.0 101.56
28   3    43    9 8 81.64 88.4 6.58 15.42 495.67 494.51 109.81 68.0 100.05
28   3    44    9 9 81.59 88.7 6.58 15.51 495.49 494.65 109.40 68.0 98.90
28   3    45    9 14 81.59 92.4 6.58 16.02 495.10 494.69 151.85 68.0 86.51
28   3    46    9 15 81.71 94.2 6.58 16.14 487.54 487.10 148.84 67.0 90.39
28   3    47    9 16 81.78 94.9 6.58 16.16 494.46 494.17 151.62 68.0 93.55
28   3    48    9 17 81.78 98.6 6.58 16.62 487.16 486.95 98.48 67.0 85.08
28   3    49    9 18 82.05 101.0 6.57 16.63 493.71 493.41 94.06 68.0 89.86
28   3    50    9 19 82.19 101.3 6.56 16.53 493.36 493.00 93.71 68.0 89.41
28   3    51    9 20 82.26 101.3 6.56 16.46 493.19 492.79 92.57 68.0 89.68
28   3    52    13 1 81.24 73.8 6.59 13.43 504.46 502.80 88.62 69.0 99.26
28   3    53    13 2 81.41 73.9 6.59 13.29 503.95 502.31 88.92 69.0 98.79
28   3    54    13 3 81.52 73.8 6.58 13.15 496.39 494.69 87.48 68.0 97.69
28   3    55    13 11 78.65 75.6 6.70 16.36 512.37 510.59 91.27 69.0 89.23
28   3    56    13 12 78.51 75.9 6.70 16.55 512.79 511.00 91.02 69.0 91.82
28   3    57    13 13 78.37 76.2 6.71 16.75 513.07 511.41 91.41 69.0 92.15
28   3    58    13 14 78.98 81.9 6.68 17.11 511.14 509.69 92.21 69.0 83.65
28   3    59    13 15 79.09 82.9 6.68 17.15 510.46 509.36 92.32 69.0 87.15
28   3    60    13 16 79.18 83.5 6.68 17.15 503.03 501.71 91.02 68.0 87.51
28   3    61    14 1 82.33 90.5 6.55 15.02 508.02 506.93 90.72 70.0 131.25
28   3    62    14 2 82.56 90.5 6.54 14.79 507.13 506.22 90.98 70.0 118.27
28   3    63    14 3 82.63 90.9 6.54 14.78 506.61 506.00 90.75 70.0 111.47
28   3    64    14 4 80.97 83.5 6.61 15.37 504.79 503.76 88.53 69.0 86.94
28   3    65    14 5 81.08 84.3 6.60 15.38 504.29 503.42 88.59 69.0 88.95
28   3    66    14 6 81.13 85.0 6.60 15.44 511.59 510.58 89.83 70.0 89.51
28   3    67    14 7 81.66 87.1 6.58 15.21 509.27 508.97 89.15 70.0 84.50
28   3    68    14 8 81.82 88.4 6.57 15.24 508.87 508.48 88.55 70.0 87.86
28   3    69    14 9 82.01 89.5 6.57 15.21 508.30 507.92 88.59 70.0 88.10
28   3    70    14 10 82.88 94.6 6.53 15.01 505.62 505.26 90.77 70.0 86.50
28   3    71    14 14 83.23 92.3 6.52 14.36 504.35 504.15 90.99 70.0 99.83
28   3    72    15 1 81.54 93.1 6.59 16.15 503.24 502.12 91.91 69.0 106.76
28   3    73    15 2 81.54 93.1 6.59 16.15 510.43 509.39 93.22 70.0 106.76
28   3    74    15 3 81.57 93.0 6.58 16.11 510.20 509.32 93.46 70.0 102.15
28   3    75    15 4 81.57 94.5 6.58 16.31 509.98 509.34 94.82 70.0 85.86
28   3    76    15 5 81.59 95.3 6.58 16.39 509.72 509.28 95.21 70.0 88.64
28   3    77    15 6 81.68 96.0 6.58 16.38 509.22 509.00 95.25 70.0 88.68
28   3    78    15 7 82.49 99.4 6.55 16.00 506.43 506.54 94.35 70.0 85.31
28   3    79    15 8 82.61 100.7 6.54 16.04 506.15 506.20 91.14 70.0 87.62
28   3    80    15 9 82.63 101.1 6.54 16.06 505.78 506.13 91.14 70.0 88.10
28   3    81    15 10 84.80 115.8 6.46 15.57 505.17 506.63 112.44 71.0 87.90
28   3    82    15 11 85.12 120.0 6.45 15.75 510.58 512.77 97.59 72.0 91.02 
28   3    83    15 12 85.21 105.4 6.44 13.98 510.93 512.26 95.60 72.0 98.78
28   3    84    15 13 85.84 109.8 6.41 13.84 508.06 510.27 95.42 72.0 88.88
28   3    85    15 14 86.00 111.3 6.41 13.84 507.27 509.76 95.09 72.0 92.06
28   3    86    16 1 79.97 92.7 6.65 17.67 506.60 506.85 90.89 69.0 111.00
28   3    87    16 2 80.37 92.0 6.63 17.18 513.55 512.99 92.92 70.0 106.57
28   3    88    16 3 80.37 91.7 6.63 17.14 506.72 505.66 91.92 69.0 102.66
28   3    89    16 4 80.62 88.6 6.62 16.46 505.37 504.86 91.01 69.0 85.34
28   3    90    16 5 80.67 89.3 6.62 16.51 512.44 512.04 92.19 70.0 88.50
28   3    91    16 6 80.78 89.6 6.62 16.44 512.38 511.69 92.42 70.0 88.91
28   3    92    16 7 81.61 92.7 6.58 16.02 502.00 501.90 91.16 69.0 84.70
28   3    93    16 8 81.78 94.4 6.58 16.09 508.71 508.70 92.08 70.0 88.11
28   3    94    16 9 81.91 95.5 6.57 16.09 515.36 515.54 93.57 71.0 89.06
28   3    95    16 10 83.09 99.2 6.52 15.37 511.25 511.88 92.91 71.0 87.05
28   3    96    16 11 83.23 99.8 6.52 15.30 510.75 511.44 92.64 71.0 91.03
28   3    97    16 12 83.32 99.8 6.52 15.21 510.82 511.15 92.99 71.0 90.60
28   3    98    19 1 77.47 68.9 6.74 16.25 507.51 506.54 88.86 68.0 147.56
28   3    99    19 2 77.61 68.9 6.74 16.11 507.02 506.14 89.03 68.0 143.52
28   3   100    19 3 77.65 69.3 6.73 16.15 506.57 506.01 89.00 68.0 142.36
28   3   101    19 4 77.98 73.6 6.72 16.66 512.11 512.55 90.82 69.0 88.38
28   3   102    19 5 78.17 74.7 6.72 16.69 504.78 504.59 88.38 68.0 90.19
28   3   103    19 6 78.19 75.3 6.71 16.78 512.31 511.95 89.54 69.0 90.22
28   3   104    19 7 78.98 77.3 6.68 16.35 509.81 509.64 89.73 69.0 82.64
28   3   105    19 8 77.93 75.7 6.72 17.10 506.08 505.27 88.44 68.0 84.31
28   3   106    19 9 77.17 74.6 6.75 17.67 508.44 507.47 88.62 68.0 85.35
28   3   107    19 10 77.00 79.6 6.76 18.72 507.97 507.98 88.76 68.0 82.01
28   3   108    19 11 77.07 80.7 6.76 18.83 508.65 507.80 88.94 68.0 85.01
28   3   109    19 12 77.10 81.4 6.76 18.91 515.15 515.20 90.09 69.0 85.59
28   3   110    20 1 77.91 65.0 6.72 14.99 506.73 505.23 89.46 68.0 111.92
28   3   111    20 2 77.98 65.7 6.72 15.07 506.52 505.04 90.10 68.0 107.46
28   3   112    20 3 78.05 66.2 6.72 15.11 506.26 504.84 89.44 68.0 103.85
28   3   113    20 4 76.91 69.4 6.76 16.90 502.79 500.68 87.41 67.0 85.88
28   3   114    20 5 76.80 69.7 6.77 17.08 510.06 508.48 89.07 68.0 86.64
28   3   115    20 6 76.84 77.9 6.77 18.59 510.67 508.43 88.90 68.0 87.54
28   3   116    20 7 77.21 78.3 6.75 18.29 509.11 507.37 88.72 68.0 82.52
28   3   117    20 8 77.21 79.4 6.75 18.47 509.01 507.38 88.99 68.0 86.01
28   3   118    20 9 77.31 80.0 6.75 18.47 501.61 499.66 87.54 67.0 86.30
28   3   119    20 10 78.19 84.2 6.72 18.25 505.85 504.62 88.60 68.0 85.42
28   3   120    20 11 78.30 84.5 6.71 18.18 505.59 504.29 89.41 68.0 86.35
28   3   121    20 12 78.33 84.6 6.71 18.17 505.46 511.64 89.38 69.0 86.37
28   3   122    20 12 78.33 84.6 6.71 18.17 505.46 511.64 89.38 69.0 86.37
