29   1     1    1 0.01 26 0.24 51 0.80 76 1.45
29   1     2    2 0.01 27 0.24 52 0.80 77 1.50
29   1     3    3 0.02 28 0.29 53 0.83 78 1.51
29   1     4    4 0.02 29 0.34 54 0.85 79 1.52
29   1     5    5 0.02 30 0.35 55 0.90 80 1.53
29   1     6    6 0.03 31 0.36 56 0.92 81 1.54
29   1     7    7 0.03 32 0.38 57 0.95 82 1.54
29   1     8    8 0.04 33 0.40 58 0.99 83 1.55
29   1     9    9 0.05 34 0.42 59 1.00 84 1.58
29   1    10    10 0.06 35 0.43 60 1.01 85 1.60
29   1    11    11 0.07 36 0.52 61 1.02 86 1.63
29   1    12    12 0.07 37 0.54 62 1.03 87 1.64
29   1    13    13 0.08 38 0.56 63 1.05 88 1.80
29   1    14    14 0.09 39 0.60 64 1.10 89 1.80
29   1    15    15 0.09 40 0.60 65 1.10 90 1.81
29   1    16    16 0.10 41 0.63 66 1.11 91 2.02
29   1    17    17 0.10 42 0.65 67 1.15 92 2.05
29   1    18    18 0.11 43 0.67 68 1.18 93 2.14
29   1    19    19 0.11 44 0.68 69 1.20 94 2.17
29   1    20    20 0.12 45 0.72 70 1.29 95 2.33
29   1    21    21 0.13 46 0.72 71 1.31 96 3.03
29   1    22    22 0.18 47 0.72 72 1.33 97 3.03
29   1    23    23 0.19 48 0.73 73 1.34 98 3.34
29   1    24    24 0.20 49 0.79 74 1.40 99 4.20
29   1    25    25 0.23 50 0.79 75 1.43 100 4.69
29   1    26    -9999 -9999 -9999 -9999 -9999 -9999 101 7.89
29   1    27    1 1.8 26 84.2 51 152.2 76 285.9
29   1    28    2 3.1 27 87.1 52 152.8 77 292.6
29   1    29    3 4.2 28 87.3 53 157.7 78 295.1
29   1    30    4 6.0 29 93.2 54 160.0 79 301.1
29   1    31    5 7.5 30 103.4 55 163.6 80 304.3
29   1    32    6 8.2 31 104.6 56 166.9 81 316.8
29   1    33    7 8.5 32 105.5 57 170.5 82 329.8
29   1    34    8 10.3 33 108.8 58 174.9 83 334.1
29   1    35    9 10.6 34 112.6 59 177.7 84 346.2
29   1    36    10 24.2 35 116.8 60 179.2 85 351.2
29   1    37    11 29.6 36 118.0 61 183.6 86 353.3
29   1    38    12 31.7 37 122.3 62 183.8 87 369.3
29   1    39    13 41.9 38 123.5 63 194.3 88 372.3
29   1    40    14 44.1 39 124.4 64 195.1 89 381.3
29   1    41    15 49.5 40 125.4 65 195.3 90 393.5
29   1    42    16 50.1 41 129.5 66 202.6 91 451.3
29   1    43    17 59.7 42 130.4 67 220.2 92 461.5
29   1    44    18 61.7 43 131.6 68 221.3 93 574.2
29   1    45    19 64.4 44 132.8 69 227.2 94 653.3
29   1    46    20 69.7 45 133.8 70 251.0 95 663.0
29   1    47    21 70.0 46 137.0 71 266.5 96 669.8
29   1    48    22 77.8 47 140.2 72 267.9 97 739.7
29   1    49    23 80.5 48 140.9 73 269.2 98 759.6
29   1    50    24 82.3 49 148.5 74 270.4 99 894.7
29   1    51    25 83.5 50 149.2 75 272.5 100 974.9
29   1    52    1 1051 14 5817 27 9711 40 12044
29   1    53    2 1337 15 5905 28 9806 41 13520
29   1    54    3 1389 16 5956 29 10205 42 13670
29   1    55    4 1921 17 6068 30 10396 43 14110
29   1    56    5 1942 18 6121 31 10861 44 14496
29   1    57    6 2322 19 6473 32 11026 45 15395
29   1    58    7 3629 20 7501 33 11214 46 16179
29   1    59    8 4006 21 7886 34 11362 47 17092
29   1    60    9 4012 22 8108 35 11604 48 17568
29   1    61    10 4063 23 8546 36 11608 49 17568
29   1    62    11 4921 24 8666 37 11745
29   1    63    12 5445 25 8831 38 11762
29   1    64    13 5620 26 9106 39 11895
29   1    65    1 13872 11 28512 21 36240 31 41610
29   1    66    2 18024 12 28676 22 36480 32 41620
29   1    67    3 18948 13 29784 23 36648 33 42384
29   1    68    4 21960 14 29784 24 38640 34 42720
29   1    69    5 22608 15 31188 25 38976 35 44616
29   1    70    6 25100 16 31644 26 39144 36 49080
29   1    71    7 25536 17 32760 27 39480 37 49416
29   1    72    8 27216 18 33480 28 39648 38 51168
29   1    73    9 27744 19 35880 29 39648
29   1    74    10 27840 20 36024 30 41520
29   1    75    1 30960
29   1    76    2 32040
29   1    77    3 57984
