30   1     1    1 162 23 3 41.5 45.9 11.2
30   1     2    2 162 23 8 33.8 53.3 11.2
30   1     3    3 162 30 5 27.7 57.5 12.7 
30   1     4    4 162 30 8 21.7 58.8 16.0
30   1     5    5 172 25 5 19.9 60.6 16.2 
30   1     6    6 172 25 8 15.0 58.0 22.6
30   1     7    7 172 30 5 12.2 58.6 24.5
30   1     8    8 172 30 8 4.3 52.4 38.0
30   1     9    9 167 27.5 6.5 19.3 56.9 21.3
30   1    10    10 177 27.5 6.5 6.4 55.4 30.8
30   1    11    11 157 27.5 6.5 37.6 46.9 14.7
30   1    12    12 167 32.5 6.5 18.0 57.3 22.2
30   1    13    13 167 22.5 6.5 26.3 55.0 18.3
30   1    14    14 167 27.5 9.5 9.9 58.9 28.0
30   1    15    15 167 27.5 3.5 25.0 50.3 22.1
30   1    16    16 177 20 6.5 14.1 61.1 23.0
30   1    17    17 177 20 6.5 15.2 62.9 20.7
30   1    18    18 160 34 7.5 15.9 60.0 22.1
30   1    19    19 160 34 7.5 19.6 60.6 19.3
