31   1     1    1 27 45 3 3 3 4 2 4 5 4 3 4 2 4 1
31   1     2    2 27 45 4 4 3 3 2 4 5 3 3 5 5 5 1
31   1     3    3 27 45 5 4 3 3 1 4 5 4 3 4 1 4 1
31   1     4    4 27 45 5 5 2 2 3 2 3 4 3 3 3 3 2
31   1     5    5 27 45 3 3 3 3 3 3 2 2 3 3 3 3 2
31   1     6    6 27 45 4 3 4 2 3 3 5 4 3 4 1 4 1
31   1     7    7 27 45 2 3 4 3 3 3 4 3 3 4 3 3 1
31   1     8    8 27 45 1 3 4 3 3 3 5 3 3 4 2 4 1
31   1     9    9 27 45 5 4 4 5 3 3 4 6 5 5 3 3 1
31   1    10    10 27 45 3 2 3 3 3 3 1 3 3 3 3 3 2
31   1    11    11 27 45 5 5 3 5 2 4 4 4 3 4 3 4 2
31   1    12    12 27 45 3 3 3 3 3 3 4 4 3 2 2 2 1
31   1    13    13 27 45 4 3 3 4 3 4 5 4 2 4 1 4 1
31   1    14    14 27 45 5 3 3 4 4 2 5 5 3 2 4 4 3
31   1    15    15 27 45 3 4 4 3 3 3 2 4 4 3 3 3 2
31   1    16    16 27 45 3 3 3 4 3 3 5 5 3 5 3 2 1
31   1    17    17 27 45 2 2 3 3 3 3 5 5 4 4 1 4 1
31   1    18    18 27 45 5 4 3 2 5 2 4 4 3 3 4 3 2
31   1    19    19 27 45 2 4 5 4 3 3 6 6 5 5 2 5 1
31   1    20    20 27 45 4 3 3 4 2 4 3 3 3 3 3 3 2
31   1    21    21 27 45 4 4 4 2 4 2 4 4 3 3 4 2 2
31   1    22    22 27 45 4 3 3 4 2 4 5 3 3 5 2 5 1
31   1    23    23 27 45 3 3 3 3 2 4 4 3 3 2 2 3 1
31   1    24    24 27 45 4 3 3 3 3 3 4 4 3 3 3 3 1
31   1    25    25 27 45 2 4 3 4 2 4 5 4 4 5 2 4 1
31   1    26    26 27 45 4 4 4 4 4 3 2 4 3 4 3 4 1
31   1    27    27 27 45 5 5 3 4 2 4 6 5 3 5 5 5 1
31   1    28    28 27 45 1 1 4 3 3 3 4 5 4 4 2 4 1
31   1    29    29 27 45 3 2 3 3 2 3 1 1 3 3 3 3 2
31   1    30    30 27 45 2 2 3 3 3 3 5 3 3 4 4 2 1
31   1    31    31 27 45 5 4 3 4 2 4 4 4 3 3 2 4 2
31   1    32    32 27 45 5 5 3 5 4 3 5 5 3 4 3 4 2
31   1    33    33 27 45 4 3 4 4 3 4 3 2 3 3 2 3 2
31   1    34    34 27 45 5 4 3 4 3 2 3 3 3 3 3 3 2
31   1    35    35 27 45 3 4 3 3 3 3 5 4 3 3 3 3 2
31   1    36    36 27 45 4 4 3 3 3 3 5 4 3 4 1 4 1
31   1    37    37 27 45 1 2 4 3 3 3 4 2 4 2 4 2 1
31   1    38    38 27 45 5 5 4 4 3 4 3 3 3 3 3 3 2
31   1    39    39 27 45 5 5 4 4 3 4 2 3 4 4 2 3 2
31   1    40    40 27 45 2 2 3 3 3 3 3 3 3 2 2 4 1
31   1    41    41 27 45 5 1 3 2 2 1 4 4 3 2 4 2 1
31   1    42    42 27 45 5 4 4 4 3 4 6 6 4 2 3 3 1
31   1    43    43 27 45 4 4 3 4 5 4 5 5 0 5 5 4 1
31   1    44    44 27 45 4 4 3 3 3 3 3 2 3 3 3 3 2
31   1    45    45 27 45 1 1 3 3 3 3 1 1 3 3 3 3 2
31   1    46    46 27 45 2 2 4 4 3 3 5 3 4 3 3 3 1
31   1    47    47 27 45 3 3 4 4 2 4 3 4 2 4 3 3 1
31   1    48    48 27 45 4 4 3 3 3 3 4 4 3 3 3 3 2
31   1    49    49 27 45 4 2 3 3 3 3 5 3 3 2 2 2 1
31   1    50    50 27 45 4 3 3 4 2 4 6 4 3 5 2 4 1
31   1    51    51 27 45 4 4 3 3 3 3 5 4 3 5 2 4 1
31   1    52    52 27 45 4 3 4 4 3 4 4 3 3 3 5 3 2
31   1    53    53 27 45 3 3 3 3 3 3 4 4 3 2 4 2 1
31   1    54    54 27 45 3 4 3 2 2 3 6 5 4 2 5 1 1
31   1    55    55 27 45 1 1 3 3 3 3 5 4 4 4 3 4 1
31   1    56    56 27 45 2 1 4 4 3 3 1 1 3 3 3 3 2
31   1    57    57 27 45 3 4 4 3 3 2 4 4 4 2 3 2 1
31   1    58    58 27 45 5 3 4 4 1 5 2 2 3 3 3 3 2
31   1    59    59 27 45 3 3 3 3 5 2 6 3 3 1 5 1 1
31   1    60    60 27 45 5 4 4 5 2 4 4 4 3 4 2 4 2 
31   1    61    61 27 45 5 4 4 5 2 4 5 4 4 5 2 5 1
31   1    62    62 27 45 5 5 4 5 5 4 4 4 4 3 3 3 2
31   1    63    63 27 45 5 4 4 4 3 4 5 4 3 4 0 4 3
31   1    64    64 27 45 6 6 5 1 5 1 3 3 3 3 3 3 2
31   1    65    65 27 45 2 2 3 3 3 3 2 3 3 3 3 3 3
31   1    66    66 27 45 1 3 5 3 5 5 4 4 4 1 4 2 1
31   1    67    67 27 45 5 6 2 2 5 4 6 5 2 1 1 5 1
31   1    68    68 27 45 4 3 3 3 2 3 6 4 3 1 3 2 1
31   1    69    69 27 45 3 6 5 3 3 3 3 5 4 3 3 3 3
31   1    70    70 27 45 4 3 3 3 2 3 4 3 3 3 3 2 1
31   1    71    71 27 45 1 1 3 3 3 3 4 4 3 4 2 4 1
31   1    72    72 27 45 3 4 4 3 3 3 5 3 3 5 2 4 1
31   1    73    73 27 45 4 5 3 3 3 3 5 5 3 4 2 4 1
31   1    74    74 27 45 5 4 3 2 4 1 4 4 4 3 3 3 2
31   1    75    75 27 45 4 5 3 3 4 5 3 3 3 3 3 3 2
31   1    76    76 27 45 4 5 4 4 3 4 4 4 3 3 3 3 2
31   1    77    77 27 45 3 4 4 3 3 3 2 3 3 3 3 3 2
31   1    78    78 27 45 4 4 4 4 4 3 6 5 4 5 4 4 1
31   1    79    79 27 45 2 2 3 4 3 4 2 3 3 4 3 4 3
31   1    80    80 27 45 4 4 3 4 2 4 3 3 3 3 3 3 2
31   1    81    81 27 45 2 2 3 3 3 3 4 2 4 2 4 2 1
31   1    82    82 27 45 2 2 3 3 3 3 6 4 3 5 5 5 1
31   1    83    83 27 45 2 1 3 3 3 3 3 2 2 2 4 2 1
31   1    84    84 27 45 1 1 3 3 3 3 1 1 3 3 3 3 3
31   1    85    85 27 45 3 3 3 4 2 3 4 3 2 3 4 3 1
31   1    86    86 27 45 4 6 4 4 3 4 4 2 3 3 3 3 2
31   1    87    87 27 45 3 3 3 3 3 3 4 3 3 4 3 4 1
31   1    88    88 27 45 3 3 3 4 2 3 2 3 3 3 3 3 2
31   1    89    89 27 45 4 5 4 4 3 2 2 3 3 3 3 3 2
31   1    90    90 27 45 2 2 3 3 3 3 5 2 4 4 3 4 1
31   1    91    91 27 45 3 3 3 3 3 4 5 4 3 4 2 4 1
31   1    92    92 27 45 2 5 5 4 3 5 4 5 5 4 2 4 2
31   1    93    93 27 45 4 4 3 4 3 3 4 4 4 3 2 3 1
31   1    94    94 27 45 5 4 4 4 2 4 5 3 3 2 2 3 3
31   1    95    95 27 45 4 4 3 3 3 3 3 3 3 3 3 3 2
31   1    96    96 27 45 4 3 4 3 2 3 6 6 4 4 2 5 1
31   1    97    97 27 45 3 4 3 4 2 3 5 4 2 2 1 2 1
31   1    98    98 27 45 5 5 3 5 1 4 6 5 4 4 2 4 1
31   1    99    99 27 45 3 3 3 3 3 3 5 4 3 4 2 4 1
31   1   100    100 27 45 4 3 4 4 3 5 3 3 3 3 3 3 1
31   1   101    101 45 27 4 4 3 2 5 3 3 3 3 3 3 3 2
31   1   102    102 45 27 3 4 2 3 3 3 4 3 3 3 3 3 1
31   1   103    103 45 27 2 2 4 3 2 4 2 2 4 4 2 4 1
31   1   104    104 45 27 4 4 4 4 3 3 3 3 3 3 2 3 2
31   1   105    105 45 27 4 4 3 3 2 3 5 4 3 2 1 5 1
31   1   106    106 45 27 3 1 3 4 3 3 4 3 3 4 3 4 1
31   1   107    107 45 27 4 4 3 3 3 3 4 4 3 3 3 3 3
31   1   108    108 45 27 5 1 3 4 3 3 4 1 3 5 3 3 1
31   1   109    109 45 27 5 1 3 4 3 3 3 3 3 3 3 3 2
31   1   110    110 45 27 4 3 3 4 3 4 2 3 4 3 3 3 2
31   1   111    111 45 27 6 5 4 5 4 4 5 4 3 4 3 3 2
31   1   112    112 45 27 4 4 3 2 3 3 5 4 3 2 3 2 1
31   1   113    113 45 27 5 4 3 4 3 3 4 4 4 3 4 3 2
31   1   114    114 45 27 3 3 3 3 3 3 4 4 2 2 3 2 1
31   1   115    115 45 27 3 3 3 3 3 3 3 3 3 3 3 3 2
31   1   116    116 45 27 1 3 3 3 3 3 5 4 3 2 4 2 1
31   1   117    117 45 27 5 5 3 4 2 4 5 5 3 3 2 4 1
31   1   118    118 45 27 4 4 4 4 3 4 3 3 3 3 2 3 2
31   1   119    119 45 27 5 2 3 3 4 3 4 5 3 4 5 1 2 
31   1   120    120 45 27 5 4 3 3 3 3 2 2 3 3 3 3 2
31   1   121    121 45 27 5 5 4 4 3 5 6 5 3 4 3 4 1
31   1   122    122 45 27 4 2 3 2 2 2 1 1 3 3 3 3 2
31   1   123    123 45 27 4 1 3 3 3 3 0 3 3 2 4 1 1
31   1   124    124 45 27 5 5 4 4 2 4 5 5 4 4 2 4 3
31   1   125    125 45 27 5 4 4 4 2 4 4 4 4 4 3 3 2
31   1   126    126 45 27 3 4 3 4 3 3 5 4 4 4 3 5 1
31   1   127    127 45 27 3 3 4 4 5 4 2 3 3 3 3 3 2
31   1   128    128 45 27 4 3 3 3 3 2 3 3 3 3 3 3 2
31   1   129    129 45 27 3 3 3 4 3 4 3 3 3 3 2 3 2
31   1   130    130 45 27 2 2 3 3 3 3 4 3 3 3 3 3 2
31   1   131    131 45 27 3 2 3 4 3 3 4 4 3 2 2 4 1
31   1   132    132 45 27 1 1 3 3 5 3 3 1 3 2 4 2 1
31   1   133    133 45 27 5 5 4 4 2 4 5 5 4 4 2 4 2
31   1   134    134 45 27 2 2 3 3 3 3 4 4 4 4 2 4 1
31   1   135    135 45 27 3 4 3 4 3 3 3 2 3 2 2 3 2
31   1   136    136 45 27 4 4 3 3 3 3 4 4 3 3 2 3 1
31   1   137    137 45 27 4 5 4 2 3 2 3 2 3 3 3 3 2
31   1   138    138 45 27 3 3 3 3 3 3 4 4 3 2 4 2 1
31   1   139    139 45 27 3 3 3 3 3 3 4 4 3 2 4 2 1
31   1   140    140 45 27 5 5 3 2 4 3 3 3 3 3 3 3 2
31   1   141    141 45 27 6 4 3 2 1 1 6 6 4 2 1 2 3
31   1   142    142 45 27 1 1 3 3 3 3 4 3 3 3 3 3 1
31   1   143    143 45 27 1 4 4 3 3 3 4 2 3 2 4 2 1
31   1   144    144 45 27 1 1 3 4 3 3 4 1 3 4 3 3 1
31   1   145    145 45 27 2 3 3 3 3 3 4 3 3 2 4 2 1
31   1   146    146 45 27 4 4 4 4 3 4 3 4 3 3 3 3 2
31   1   147    147 45 27 5 5 4 2 2 2 3 4 3 3 3 3 2
31   1   148    148 45 27 2 2 3 3 3 3 5 4 4 4 4 4 1
31   1   149    149 45 27 2 1 3 2 3 3 6 1 3 1 4 4 1
31   1   150    150 45 27 4 5 4 4 2 4 4 4 3 5 2 4 1
31   1   151    151 45 27 5 4 3 5 4 4 4 3 3 3 3 3 2
31   1   152    152 45 27 3 4 4 3 2 3 6 5 4 5 3 4 1
31   1   153    153 45 27 4 5 4 3 3 3 5 4 3 3 2 5 1
31   1   154    154 45 27 3 3 3 3 3 4 5 3 3 4 2 2 1
31   1   155    155 45 27 6 4 3 1 5 1 5 4 5 2 2 2 2
31   1   156    156 45 27 2 2 3 3 3 3 4 3 4 2 3 2 1
31   1   157    157 45 27 5 5 4 4 3 3 4 4 4 3 3 3 2
31   1   158    158 45 27 4 5 4 2 3 3 3 5 3 3 3 3 2
31   1   159    159 45 27 2 2 4 3 3 3 3 3 4 3 3 3 3
31   1   160    160 45 27 3 4 4 3 4 2 2 4 3 3 3 3 2
31   1   161    161 45 27 4 4 3 3 4 2 3 3 3 3 3 3 2
31   1   162    162 45 27 3 4 3 4 3 3 4 5 5 2 4 2 1
31   1   163    163 45 27 4 3 4 2 4 2 4 4 3 2 2 3 3
31   1   164    164 45 27 4 4 3 4 2 4 4 4 3 4 2 4 1
31   1   165    165 45 27 3 5 4 3 3 3 5 5 4 4 4 4 1
31   1   166    166 45 27 5 4 4 4 5 2 4 4 3 3 3 3 2
31   1   167    167 45 27 2 1 3 3 3 3 5 4 4 4 4 2 1
31   1   168    168 45 27 5 2 3 2 5 2 1 1 3 3 3 3 2
31   1   169    169 45 27 4 1 3 4 3 3 5 5 2 2 3 2 1
31   1   170    170 45 27 5 5 3 4 3 3 6 5 3 4 2 4 1
31   1   171    171 45 27 2 1 3 3 3 3 3 3 3 3 3 3 3
31   1   172    172 45 27 5 2 3 4 2 4 4 3 3 3 2 3 2
31   1   173    173 45 27 6 4 3 5 5 5 4 3 3 3 3 3 2
31   1   174    174 45 27 2 3 2 5 2 2 5 4 4 5 5 2 1
31   1   175    175 45 27 3 4 4 4 3 3 4 4 4 3 2 3 1
31   1   176    176 45 27 5 5 2 5 3 4 5 5 2 5 2 4 1
31   1   177    177 45 27 1 2 3 3 3 3 5 2 4 2 2 1 1
31   1   178    178 45 27 3 3 3 4 3 3 4 2 3 3 3 3 1
31   1   179    179 45 27 1 1 3 3 3 3 2 2 3 3 3 3 1 
31   1   180    180 45 27 4 4 3 2 5 2 5 4 4 2 5 2 1
31   1   181    181 45 27 4 4 3 3 3 5 5 4 3 2 3 2 1
31   1   182    182 45 27 4 4 4 4 3 4 4 4 4 4 4 4 1
31   1   183    183 45 27 5 4 3 2 4 2 5 4 3 2 2 3 2
31   1   184    184 45 27 3 2 3 3 3 3 6 4 4 2 4 2 1
31   1   185    185 45 27 3 5 3 4 3 3 5 4 3 4 4 2 1
31   1   186    186 45 27 5 5 3 4 5 2 5 5 3 4 3 3 2
31   1   187    187 45 27 3 3 3 4 3 3 5 4 3 4 4 2 1
31   1   188    188 45 27 4 4 3 3 3 3 5 4 3 1 2 4 1
31   1   189    189 45 27 4 4 3 3 3 3 4 4 3 3 3 3 2
31   1   190    190 45 27 3 2 3 3 5 3 5 4 4 4 5 5 1
31   1   191    191 45 27 6 2 3 1 5 1 5 2 3 2 5 1 2
31   1   192    192 45 27 5 2 3 5 1 5 5 2 3 4 2 2 3
31   1   193    193 45 27 4 4 3 3 3 3 4 4 3 2 3 2 1
31   1   194    194 45 27 3 3 3 4 2 3 5 4 3 2 4 2 1
31   1   195    195 45 27 3 4 4 3 3 3 3 3 4 3 3 3 2
31   1   196    196 45 27 4 4 3 3 3 5 5 5 2 1 5 1 1
31   1   197    197 45 27 4 4 4 4 3 3 3 3 3 3 3 3 2
31   1   198    198 45 27 4 4 4 4 3 3 4 4 4 3 3 3 2
31   1   199    199 45 27 4 4 4 4 3 3 3 4 3 3 2 3 2
31   1   200    200 45 27 2 2 3 3 3 3 4 4 3 2 4 2 1 
