33   1     1    1 F 61 124 264 124 38
33   1     2    2 M 69 42 62 12 18
33   1     3    3 F 62 25 149 19 36
33   1     4    4 F 66 45 18 45 12
33   1     5    5 M 63 412 180 257 64
33   1     6    6 M 79 51 142 23 20
33   1     7    7 M 76 1112 35 128 13
33   1     8    8 M 54 46 299 46 51
33   1     9    9 M 62 103 85 90 10
33   1    10    10 F 69 876+ 69 876+ 19
33   1    11    11 M 46 146 361 123 52
33   1    12    12 M 57 340 269 310 28
33   1    13    95 F 59 396 130 359 55
33   1    14    13 M 74 81 72 74 33
33   1    15    14 M 74 461 134 423 18
33   1    16    15 M 66 20 84 16 20
33   1    17    16 M 52 450 98 450 58
33   1    18    17 F 48 246 48 87 13
33   1    19    18 F 64 166 142 115 49
33   1    20    19 M 70 63 113 50 38
33   1    21    20 M 77 64 90 50 24
33   1    22    21 M 71 155 30 113 18
33   1    23    22 M 70 859+ 56 857+ 18
33   1    24    23 M 39 151 260 38 34
33   1    25    24 M 70 166 116 156 20
33   1    26    25 M 70 37 87 27 27
33   1    27    91 M 55 223 69 218 32
33   1    28    93 M 74 138 100 138 27
33   1    29    97 M 69 72 315 39 39
33   1    30    98 M 73 245 188 231 65
33   1    31    28 F 76 248 292 135 18
33   1    32    29 F 58 377 492 50 30
33   1    33    30 M 49 189 462 189 65
33   1    34    31 M 69 1843 235 1267 17
33   1    35    32 F 70 180 294 155 57
33   1    36    33 F 68 537 144 534 16
33   1    37    34 M 50 519 643 502 25
33   1    38    35 F 74 455 301 126 21
33   1    39    36 M 66 406 148 90 17
33   1    40    37 F 76 365 641 365 42
33   1    41    38 F 56 942 272 911 40
33   1    42    77 M 65 776+ 198 743+ 14
33   1    43    84 F 74 372 37 366 28
33   1    44    90 M 58 163 199 156 31
33   1    45    92 F 60 101 154 99 28
33   1    46    99 M 77 20 649 20 33
33   1    47    100 M 38 283 162 274 80
33   1    48    39 F 56 185 422 62 38
33   1    49    40 F 75 479 82 226 10
33   1    50    41 F 57 875 551 437 62
33   1    51    42 M 56 115 140 85 13
33   1    52    43 M 68 362 106 122 36
33   1    53    44 M 54 241 645 198 80
33   1    54    45 M 59 2175 407 759 64
33   1    55    46 F 49 1234 307 320 64
33   1    56    47 F 68 89 690 88 21
33   1    57    48 F 52 201 285 196 129
33   1    58    49 F 67 356 244 337 58
33   1    59    50 F 56 2970 371 154 66
33   1    60    96 F 51 456 368 91 70
33   1    61    51 F 56 1235 796 10 45
33   1    62    52 F 57 24 977 24 68
33   1    63    53 F 53 1581 1623 580 23
33   1    64    54 F 68 1166 555 747 12
33   1    65    55 F 68 40 1304 39 52
33   1    66    56 F 53 727 1165 87 28
33   1    67    57 F 75 3808 675 633 62
33   1    68    58 F 68 791 871 251 75
33   1    69    59 F 55 1804 916 389 104
33   1    70    60 F 43 3460+ 1311 2270+ 41
33   1    71    61 F 53 719 978 322 64
33   1    72    62 M 93 4288 464 260 29
33   1    73    63 F 70 3658 694 305 22
33   1    74    64 F 77 51 221 37 21
33   1    75    65 F 72 278 490 109 16
33   1    76    66 M 44 548 433 37 11
33   1    77    67 M 64 1607+ 484 1320+ 14
33   1    78    68 M 63 1250+ 152 419+ 32
33   1    79    71 F 71 205 332 8 91
33   1    80    72 F 63 538 377 96 47
33   1    81    73 F 51 203 147 190 35
33   1    82    74 M 53 296 500 64 34
33   1    83    75 M 57 870 299 260 19
33   1    84    76 M 73 331 585 326 37
33   1    85    78 M 69 1685 1056 46 15
33   1    86    79 M 74 2060+ 647 2060+ 44
33   1    87    69 F 71 31 91 21 17
33   1    88    70 M 67 256 169 245 68
33   1    89    26 M 69 199 103 60 25
33   1    90    27 F 80 838 90 44 11
33   1    91    80 M 44 1664+ 367 1659+ 23
33   1    92    81 M 65 86 427 86 45
33   1    93    82 M 48 1306 467 255 77
33   1    94    89 M 68 331 944 122 15
33   1    95    83 F 62 1273 497 86 44
33   1    96    85 M 49 47 296 34 59
33   1    97    86 M 77 465 56 342 20
33   1    98    87 M 67 27 60 27 24
33   1    99    88 F 60 83 99 16 58
33   1   100    94 F 59 3281 237 889 30
