35   1     1    45 66 83 71 76 64  59 73 60 85 97 64
35   1     2    59 59 81 63 72 70  56 59 74 82 81 87
35   1     3    71 69 89 82 70 86  103 91 89 98 80 134
35   1     4    80 84 104 86 76 87  104 109 173 136 87 121
35   1     5    76 85 85 69 81 73  53 73 85 73 84 63
35   1     6    65 96 80 77 76 77  80 103 86 70 76 81
35   1     7    65 85 75 86 90 60  90 72 75 99 94 67
35   1     8    76 82 80 81 85 77  85 116 83 81 95 98
35   1     9    72 80 85 85 89 97  92 43 105 89 94 108
35   1    10    82 90 87 72 79 69  93 106 103 96 123 108
35   1    11    83 75 70 95 81 84  85 65 98 107 90 127
35   1    12    64 80 75 87 85 76  94 76 104 100 120 111
35   1    13    91 73 75 89 73 80  95 68 100 141 89 83
35   1    14    76 69 65 64 77 76  94 99 73 87 101 84
35   1    15    87 85 65 84 70 59  76 59 115 83 63 53
35   1    16    81 82 83 85 89 69  97 135 116 137 144 116
35   1    17    71 91 85 79 89 92  85 98 62 100 113 91
35   1    18    89 84 62 80 76 73  78 48 75 115 76 67
35   1    19    74 77 75 83 74 86  104 79 119 106 79 92
35   1    20    65 86 68 84 88 75  48 56 31 121 78 80
35   1    21    79 75 92 79 96 86  79 69 100 134 107 182
35   1    22    68 63 70 73 70 88  58 57 48 87 97 98
35   1    23    71 87 69 81 76 96  89 87 72 77 92 106
35   1    24    88 74 88 85 84 83  69 93 94 112 84 60
35   1    25    84 80 85 73 91 81  100 116 87 123 130 109
35   1    26    83 83 86 86 78 88  108 130 108 114 114 131
35   1    27    89 77 73 90 88 84  90 121 100 144 198 136
35   1    28    79 69 69 85 83 76  64 75 76 109 116 99
35   1    29    71 78 75 87 73 67  83 80 80 89 88 92
35   1    30    103 93 104 90 90 94  111 129 96 124 118 114
35   1    31    106 93 106 77 78 101  132 110 97 136 97 103
35   1    32    83 87 87 81 82 94  114 82 94 77 107 64
35   1    33    84 70 65 72 64 84  76 70 56 51 73 84
35   1    34    74 85 99 90 89 89  73 105 123 119 97 121
35   1    35    81 76 93 88 84 94  81 75 80 90 133 109
35   1    36    70 87 85 83 80 83  94 96 78 72 92 96
35   1    37    65 87 83 76 73 73  74 89 87 87 80 106
35   1    38    89 79 80 80 73 79  75 66 84 102 90 99
35   1    39    70 91 78 79 75 90  109 124 107 129 139 127
35   1    40    80 86 80 77 76 84  92 109 96 116 112 119
35   1    41    84 82 85 78 84 87  114 100 94 96 96 108
35   1    42    77 82 82 78 67 78  86 93 115 89 85 125
35   1    43    65 84 83 69 82 77  47 94 86 99 96 106
35   1    44    46 85 83 94 88 86  74 77 93 85 107 118
35   1    45    80 90 90 84 75 74  75 68 70 78 99 94
35   1    46    70 79 84 84 83 79  48 92 76 110 74 103
35   1    47    75 83 74 75 75 88  84 98 76 57 127 99
35   1    48    45 65 63 64 73 77  95 89 94 73 118 100
35   1    49    101 87 81 85 88 77  99 103 88 82 109 84
35   1    50    71 70 72 83 67 80  82 80 76 87 71 78
35   1    51    77 89 80 88 81 102  95 74 100 94 92 115
35   1    52    109 81 73 79 73 71  125 84 95 105 104 132
35   1    53    74 74 73 77 48 73  74 94 114 110 120 115
