40   1     1    0 15501 17 26914 51 21027 65 20246 69 21596 74
40   1     2    5 14236 -9999 25380 6 26613 7 20885 8 20051 7
40   1     3    10 13270 -9999 23492 3 25324 3 26540 7 20718 11
40   1     4    15 12658 2 21881 6 23211 15 24931 25 26182 39
40   1     5    20 10696 5 20404 27 21263 39 22228 56 24033 83
40   1     6    25 7563 5 17242 40 19994 58 20606 97 21805 125
40   1     7    30 7074 7 12609 18 17128 54 19864 77 20750 129
40   1     8    35 7038 10 11712 13 12476 36 17001 70 19890 101
40   1     9    40 6418 9 11478 26 11450 32 12275 29 16794 67
40   1    10    45 5981 7 10274 16 11157 26 11147 34 11962 37
40   1    11    50 4944 7 9325 16 9828 27 10705 27 10741 29
40   1    12    55 3993 7 7562 17 8718 19 9206 32 10086 39
40   1    13    60 3098 6 5902 13 6796 21 7869 21 8399 31
40   1    14    65 2317 4 4244 12 4911 26 5728 29 6715 34
40   1    15    70 1513 7 2845 17 3197 22 3737 25 4448 33
40   1    16    75 688 5 1587 9 1812 10 2061 25 2482 31
40   1    17    80 264 2 583 6 787 6 904 14 1068 9
40   1    18    85 73 2 179 2 246 3 335 3 419 3
40   1    19    0 39318 29 43224 35 44633 46 32166 27
40   1    20    5 34301 14 39897 11 43664 8 36152 7
40   1    21    10 27966 8 34611 16 40038 24 35003 12
40   1    22    15 23706 102 27576 133 34636 168 31971 188
40   1    23    20 24569 334 23852 314 27804 365 27304 397
40   1    24    25 26680 519 24976 457 24283 458 22029 442
40   1    25    30 26875 504 26854 498 25044 434 19491 337
40   1    26    35 25680 396 27095 429 27022 440 20188 301
40   1    27    40 23951 292 25336 343 26815 313 21539 244
40   1    28    45 21873 189 23731 225 24867 210 20878 183
40   1    29    50 19124 134 20711 144 22638 171 19000 134
40   1    30    55 17282 146 18129 113 19533 108 16767 102
40   1    31    60 14959 116 15597 90 16310 103 13914 92
40   1    32    65 11991 108 13060 122 13248 102 10971 87
40   1    33    70 8360 102 9697 75 10445 106 8246 77
40   1    34    75 5150 84 5943 64 6860 61 5849 61
40   1    35    80 2556 57 2990 47 3488 50 3239 44
40   1    36    85 1351 37 1597 38 1778 26 1618 20
