43   1     1    131 1 1 1 1 0 1 1 1 0 1 1 1 1 1 1 0 0 0 0 0 0 0 1 0 0 1 0 0 0 0
43   1     2    40 1 2 0 0 0 1 1 1 1 1 1 1 1 0 0 0 0 0 2 1 1 1 1 1 1 1 1 0 0 0
43   1     3    51 1 3 0 0 1 1 1 1 1 1 2 2 1 1 0 0 0 0 1 1 1 0 1 1 1 1 1 1 1 1
43   1     4    96 1 4 0 0 1 1 1 1 1 1 1 1 1 1 1 1 0 0 2 1 2 2 2 2 2 2 2 2 1 0
43   1     5    104 1 5 0 0 2 2 2 1 1 0 1 1 0 1 1 0 0 0 1 1 1 1 1 1 1 1 1 1 0 0
43   1     6    79 1 6 1 0 1 1 1 1 1 1 1 1 0 0 0 0 0 0 1 1 1 1 1 1 1 1 0 0 1 0
43   1     7    4 1 7 0 0 0 1 1 1 1 1 1 1 0 0 0 0 2 1 2 2 2 1 2 2 2 2 1 1 1 0
43   1     8    65 1 8 1 1 2 2 2 0 1 2 2 2 0 1 1 0 1 1 1 1 2 1 2 1 2 2 1 1 1 1
43   1     9    143 1 9 0 0 1 2 2 2 1 1 2 2 1 0 0 0 0 0 1 1 1 2 2 2 2 2 1 2 1 0
43   1    10    86 1 10 0 0 1 1 1 1 1 1 1 2 0 1 0 1 0 0 1 1 1 1 1 1 1 2 1 1 1 1
43   1    11    127 1 11 0 0 1 1 1 1 1 0 1 1 1 1 1 0 0 0 1 1 1 1 1 1 1 1 0 1 1 0
43   1    12    120 1 12 0 0 2 2 2 0 1 1 2 2 2 2 1 0 0 0 1 1 1 1 1 1 1 2 1 0 0 1
43   1    13    29 1 13 0 0 1 1 1 1 2 2 2 2 1 0 1 1 0 0 2 2 2 2 2 2 2 2 1 1 1 1
43   1    14    16 1 14 0 0 0 1 1 1 0 1 1 1 0 1 0 1 0 0 0 1 1 1 1 1 1 1 1 1 1 0
43   1    15    48 1 15 1 1 1 1 1 1 1 2 2 2 0 1 0 0 0 0 1 1 2 1 2 1 1 2 1 1 0 1
43   1    16    61 2 1 1 1 2 2 2 2 2 2 2 2 1 1 0 0 2 2 2 2 2 1 1 2 2 2 0 0 1 0
43   1    17    130 2 2 2 2 2 2 2 2 2 2 2 2 2 1 1 1 0 0 2 2 2 1 1 1 2 1 2 2 1 1
43   1    18    142 2 3 1 1 2 2 2 1 1 2 2 2 2 2 1 1 1 1 2 2 2 2 2 2 2 2 1 0 0 0
43   1    19    8 2 4 1 1 2 2 2 2 2 2 2 2 2 1 1 1 0 0 2 1 1 1 1 2 2 2 2 1 0 1
43   1    20    82 2 5 2 2 2 2 2 2 2 2 2 2 2 1 1 0 2 1 1 2 2 1 1 2 2 2 2 1 2 1
43   1    21    44 2 6 1 1 2 2 2 2 2 2 2 2 1 1 2 1 1 1 2 2 2 0 2 1 2 2 1 0 1 1
43   1    22    14 2 7 1 1 2 2 2 2 2 2 2 2 2 2 1 1 1 1 2 2 2 2 2 2 2 2 1 1 1 0
43   1    23    33 2 8 2 2 2 2 2 2 2 2 2 2 2 1 1 0 2 2 2 2 2 2 2 2 2 2 2 2 2 1
43   1    24    135 2 9 1 1 2 2 1 2 2 2 2 2 2 2 2 0 1 0 2 1 1 2 2 2 2 2 2 2 2 2
43   1    25    52 2 10 1 1 2 2 2 2 2 2 2 2 1 1 1 1 1 1 2 2 2 0 1 1 2 2 1 1 0 0
43   1    26    99 2 11 1 1 2 2 2 2 2 2 2 2 1 1 1 1 1 2 2 2 2 2 2 2 2 2 0 0 1 1
43   1    27    76 2 12 1 2 2 2 2 2 2 2 2 2 1 1 1 1 1 1 1 1 1 1 1 1 2 2 0 0 1 1
43   1    28    105 2 13 1 1 2 2 2 1 1 2 2 2 0 0 0 1 1 1 2 2 1 1 2 2 2 2 1 0 1 0
43   1    29    111 2 14 1 1 2 2 2 1 1 2 2 2 0 0 2 2 1 1 2 2 2 1 1 2 2 2 0 1 1 0
43   1    30    21 2 15 1 1 2 2 2 1 1 2 2 2 0 1 2 2 2 1 2 2 2 0 1 2 2 2 1 1 1 1
43   1    31    12 3 1 1 1 2 2 2 2 2 2 2 2 1 1 1 0 1 1 2 2 2 2 2 2 2 2 2 2 2 2
43   1    32    108 3 2 2 2 2 2 2 2 2 2 2 2 1 1 0 1 1 1 2 2 2 2 2 2 2 2 0 1 1 1
43   1    33    72 3 3 1 1 2 2 2 2 2 2 2 2 2 2 1 1 1 1 2 2 2 2 2 2 2 2 2 1 2 2
43   1    34    89 3 4 1 1 2 2 2 0 0 2 2 2 1 1 1 2 1 1 2 2 2 0 1 2 2 2 1 0 0 0
43   1    35    66 3 5 2 1 2 2 2 1 2 2 2 2 1 1 1 1 1 1 2 2 2 1 2 2 2 2 1 0 0 0
43   1    36    91 3 8 1 1 1 1 1 1 2 2 2 2 0 1 0 0 1 1 2 1 1 1 1 2 2 2 1 1 1 1
43   1    37    126 3 9 2 2 2 2 2 1 2 2 2 2 0 1 1 0 1 1 2 2 2 1 1 2 2 2 1 1 2 0
43   1    38    50 3 10 1 2 2 2 2 2 2 2 2 2 2 1 2 1 1 1 2 2 2 2 2 2 2 2 2 2 0 0
43   1    39    34 3 11 1 2 2 2 2 2 3 2 2 2 1 0 1 1 1 1 2 2 2 2 2 2 2 2 1 1 1 1
43   1    40    118 3 12 0 1 2 2 2 2 2 2 2 2 1 0 0 0 0 0 2 2 2 1 2 2 2 2 1 0 1 1
43   1    41    150 3 13 1 1 1 1 1 1 1 1 1 1 0 0 0 1 1 1 1 1 2 1 1 1 1 1 1 0 0 0
43   1    42    136 3 14 1 1 2 2 2 2 2 2 2 2 0 1 2 1 1 1 2 2 2 1 2 2 2 2 1 1 1 1
43   1    43    1 3 15 1 1 2 2 2 2 2 2 2 2 2 2 2 2 1 1 2 2 2 2 2 2 2 2 0 1 1 0
43   1    44    64 4 1 0 0 2 2 2 1 1 1 1 2 0 1 1 1 1 1 1 1 1 2 1 2 2 2 0 1 2 1
43   1    45    41 4 2 0 0 1 1 2 1 2 1 1 1 1 0 0 0 0 0 2 2 1 1 1 1 2 2 1 0 1 0
43   1    46    88 4 3 0 0 2 2 2 2 2 2 2 2 2 2 0 0 1 1 2 2 2 2 2 1 1 1 1 1 0 0
43   1    47    141 4 4 1 1 2 2 2 2 2 2 2 1 2 1 1 1 1 1 2 2 2 0 1 2 2 2 1 1 1 1
43   1    48    107 4 5 1 1 2 2 2 2 2 2 2 2 1 1 0 1 1 1 2 2 2 1 2 2 2 2 1 1 1 1
43   1    49    32 4 6 1 1 2 2 2 1 1 2 2 2 1 2 1 0 1 1 2 2 2 1 2 2 2 2 2 2 1 0
43   1    50    55 4 7 1 1 2 2 2 1 1 1 2 2 0 1 0 1 0 0 1 1 2 1 1 1 1 2 1 1 0 1
43   1    51    24 4 8 1 1 2 2 2 2 2 2 2 2 2 1 1 1 1 1 2 2 2 2 2 2 2 2 0 1 2 2
43   1    52    78 4 9 2 2 2 2 2 2 2 2 2 2 1 0 0 0 1 2 2 2 2 2 2 2 2 2 1 1 1 0
43   1    53    20 4 10 1 0 2 2 2 1 1 1 2 2 1 0 1 0 1 0 2 2 2 1 0 2 2 2 0 1 0 0
43   1    54    137 4 11 0 0 2 2 2 2 2 2 2 2 2 2 2 1 1 2 2 2 2 2 2 2 2 2 1 1 1 1
43   1    55    112 4 12 1 2 2 2 2 2 2 2 2 2 1 1 1 1 0 0 2 2 2 2 2 2 1 1 0 1 1 1
43   1    56    7 4 13 1 1 2 2 2 2 2 2 2 2 1 1 0 1 1 0 2 2 1 1 1 2 2 2 1 1 1 0
43   1    57    124 4 14 1 1 1 1 1 1 1 2 2 2 1 0 1 0 1 1 1 1 1 1 1 1 1 1 0 1 0 1
43   1    58    100 4 15 1 1 2 2 2 2 2 2 2 2 2 2 1 1 1 1 2 2 2 2 3 2 2 2 2 2 1 1
43   1    59    80 5 1 1 0 2 2 2 2 2 2 2 2 0 0 0 0 1 1 2 2 2 2 2 2 2 2 1 0 1 1
43   1    60    144 5 2 0 0 1 1 1 1 1 1 1 1 1 0 0 0 0 0 1 1 1 1 0 1 1 1 1 0 0 0
43   1    61    110 5 3 0 0 1 1 1 0 1 1 1 1 0 0 0 0 0 0 1 1 1 0 1 1 1 1 0 0 0 0
43   1    62    60 5 4 1 2 2 2 2 1 1 2 2 2 1 1 0 0 0 0 2 2 2 1 2 2 2 2 1 1 1 0
43   1    63    42 5 5 1 1 2 2 2 2 2 2 2 2 1 0 0 0 1 1 2 2 2 1 2 2 1 2 1 1 0 0
43   1    64    84 5 6 0 0 2 2 2 1 2 2 2 2 1 0 0 0 0 0 2 1 1 1 1 1 1 1 1 0 0 0
43   1    65    70 5 7 1 1 2 2 2 2 2 2 2 2 0 0 1 0 1 1 2 2 2 1 2 2 2 2 1 0 1 0
43   1    66    37 5 8 1 1 2 2 2 1 2 2 2 2 0 0 0 0 0 0 2 1 1 1 1 1 2 1 1 0 1 1
43   1    67    3 5 9 2 1 2 2 2 2 2 2 2 2 0 0 2 1 1 1 2 2 2 1 2 2 2 2 1 1 0 0
43   1    68    121 5 10 1 2 2 2 2 2 2 2 2 2 2 2 1 1 1 2 2 2 2 2 2 2 2 2 2 2 1 0
43   1    69    23 5 11 1 1 2 2 2 1 2 2 2 2 1 1 0 1 1 0 2 2 2 1 1 1 1 1 1 1 1 1
43   1    70    113 5 12 1 1 2 1 1 2 2 2 2 2 0 0 1 0 0 0 2 2 2 1 1 1 1 1 1 1 0 0
43   1    71    92 5 13 1 1 2 2 2 1 2 1 1 1 1 1 0 0 1 1 2 2 2 1 2 2 2 2 1 1 0 1
43   1    72    18 5 14 1 0 0 1 1 0 0 1 1 1 0 1 0 1 0 0 1 1 2 0 0 1 2 2 0 0 1 0
43   1    73    138 5 15 1 0 2 2 2 1 1 1 2 2 1 0 1 1 0 0 2 2 2 1 1 2 2 2 0 1 1 0
43   1    74    115 6 1 1 1 2 2 2 2 2 2 2 2 2 2 2 2 0 0 2 2 2 2 2 2 2 2 2 1 0 0
43   1    75    9 6 2 1 1 2 2 2 2 2 2 2 2 2 1 2 1 1 1 2 2 2 2 2 2 2 2 1 1 1 0
43   1    76    128 6 3 1 1 2 2 2 2 2 2 2 2 0 0 1 0 1 1 2 2 1 1 2 1 2 2 1 1 1 0
43   1    77    46 6 4 1 1 2 2 2 1 1 2 2 2 1 0 1 1 1 1 2 1 1 1 1 1 2 2 0 0 1 1
43   1    78    13 6 5 1 1 2 2 2 2 2 2 2 2 2 2 1 1 1 1 2 2 1 1 0 2 2 2 1 1 2 1
43   1    79    39 6 6 1 1 2 1 1 2 2 2 2 2 1 1 1 1 1 1 2 2 1 2 2 2 2 2 2 2 1 1
43   1    80    101 6 7 2 2 2 2 2 2 2 2 2 2 1 1 1 0 2 2 2 2 2 2 2 2 2 2 2 2 1 1
43   1    81    146 6 8 1 1 2 2 2 1 2 2 2 2 2 2 1 1 0 0 2 2 2 1 1 2 2 2 1 1 2 1
43   1    82    57 6 9 1 1 2 2 2 2 2 2 2 2 0 1 1 0 1 1 2 2 2 2 2 2 2 1 1 1 1 1
43   1    83    74 6 10 0 1 2 2 2 1 2 2 2 2 0 0 1 0 1 0 1 2 1 0 0 2 2 2 0 1 0 0
43   1    84    27 6 11 1 1 2 2 2 2 2 2 2 1 1 1 1 1 1 0 2 2 2 2 2 2 2 2 2 2 1 1
43   1    85    139 6 12 1 0 1 1 1 1 1 1 2 2 2 2 1 1 1 1 2 2 2 2 2 2 2 2 2 1 1 1
43   1    86    67 6 13 1 1 2 2 2 1 2 2 2 2 2 2 2 2 1 0 2 2 2 0 0 2 2 2 2 1 0 0
43   1    87    94 6 14 1 1 2 2 2 1 1 2 2 2 0 1 1 0 1 1 2 2 2 1 1 1 2 2 0 0 1 1
43   1    88    83 6 15 0 0 2 1 2 1 2 2 2 2 0 1 1 0 1 1 2 1 1 1 2 2 2 2 1 1 0 0
43   1    89    109 7 1 1 1 2 2 2 2 2 2 2 2 0 0 0 0 2 1 2 2 1 2 2 2 2 2 2 2 2 1
43   1    90    31 7 2 2 2 2 2 2 2 2 2 2 2 2 2 1 0 2 2 2 2 2 1 2 2 2 2 0 1 1 1
43   1    91    122 7 3 0 0 2 1 1 1 1 2 2 2 0 0 1 1 1 1 1 1 1 0 0 1 1 1 0 1 0 1
43   1    92    63 7 4 1 2 1 2 2 2 2 1 2 2 0 0 2 0 1 1 2 2 2 1 1 1 2 2 0 0 1 0
43   1    93    95 7 5 1 1 2 2 2 2 2 2 2 2 1 0 1 1 1 0 2 2 2 2 2 2 2 2 1 0 1 0
43   1    94    49 7 6 1 1 2 2 1 2 2 2 2 2 2 2 1 2 2 1 2 2 2 2 2 2 2 2 1 0 0 0
43   1    95    148 7 7 1 1 2 2 2 1 2 2 2 2 2 2 2 2 1 1 2 2 2 2 2 2 2 2 2 2 2 1
43   1    96    117 7 8 1 1 2 2 2 2 2 2 2 2 1 1 2 1 1 1 2 2 2 1 1 2 2 2 1 1 0 0
43   1    97    26 7 9 2 2 2 2 2 2 2 2 2 2 1 1 1 1 0 0 2 2 2 1 1 2 2 2 1 0 0 0
43   1    98    75 7 10 1 1 2 2 2 2 2 2 2 2 0 0 1 0 1 1 2 2 2 2 2 2 2 2 1 0 0 0
43   1    99    85 7 11 1 1 2 2 2 1 1 2 2 2 0 1 1 0 1 0 2 2 2 1 2 2 2 2 1 0 0 0
43   1   100    17 7 12 2 2 2 2 2 2 3 2 2 2 2 2 1 1 2 2 2 2 2 2 2 2 2 2 2 2 1 1
43   1   101    134 7 13 0 0 2 1 1 1 1 2 2 2 1 1 1 1 1 1 2 2 2 1 2 2 2 2 1 1 0 1
43   1   102    58 7 14 1 1 2 2 2 1 1 1 2 2 1 1 1 1 2 1 2 2 2 1 1 2 2 2 1 1 2 2
43   1   103    5 7 15 1 1 1 2 2 1 2 2 2 2 1 1 0 1 0 0 0 0 0 0 0 1 1 1 0 0 0 0
43   1   104    25 8 1 1 1 1 2 2 2 2 1 2 2 2 2 1 1 1 1 2 2 2 1 2 2 2 2 0 0 0 0
43   1   105    129 8 2 2 2 2 2 2 2 2 2 2 2 2 1 1 1 1 1 2 2 2 2 2 2 2 2 0 1 1 1
43   1   106    19 8 3 1 1 2 2 2 0 1 1 2 2 0 1 2 1 1 1 2 2 2 1 1 2 2 2 1 1 1 0
43   1   107    36 8 4 1 0 2 2 2 2 2 2 2 2 2 1 1 0 0 0 2 1 1 2 2 1 2 2 2 1 1 0
43   1   108    149 8 5 1 1 2 2 2 2 2 2 2 2 1 1 1 1 1 1 2 2 2 2 2 2 2 2 2 2 1 0
43   1   109    59 8 6 0 0 1 2 2 1 2 1 2 2 0 0 0 0 1 1 2 2 2 1 2 1 2 2 0 0 0 0
43   1   110    119 8 7 1 1 2 2 2 2 2 2 2 2 1 0 2 1 1 1 2 2 2 1 0 2 2 2 1 0 1 0
43   1   111    71 8 8 1 1 2 2 2 2 2 2 2 2 2 2 2 0 2 2 2 2 2 2 2 2 2 2 0 1 0 0
43   1   112    87 8 9 1 1 2 2 2 2 2 2 2 2 1 0 0 0 1 1 2 2 2 2 2 2 2 2 0 1 2 0
43   1   113    6 8 10 0 0 2 2 2 1 1 2 2 2 0 1 0 1 0 1 1 1 1 1 1 1 1 1 1 0 1 0
43   1   114    133 8 12 2 2 2 2 2 2 2 2 2 2 1 1 1 1 2 2 2 2 2 2 3 2 2 2 1 1 0 1
43   1   115    103 8 13 0 1 2 2 2 1 1 2 2 2 0 0 1 1 1 1 1 1 1 1 1 1 1 1 0 0 1 1
43   1   116    98 8 14 1 1 1 2 1 1 1 2 2 2 1 1 2 1 1 1 2 2 2 2 1 2 2 2 2 1 2 1
43   1   117    47 8 15 1 1 2 2 2 2 2 2 2 2 2 2 1 1 1 1 2 2 2 2 2 2 2 2 2 2 1 0
