44   1     1     1 1 1.021 4.91 725 -9999 443 2.45
44   1     2     2 1 1.017 5.74 577 20.0 296 4.49
44   1     3     3 1 1.008 7.20 321 14.9 101 2.36
44   1     4     4 1 1.011 5.51 408 12.6 224 2.15
44   1     5     5 1 1.005 6.52 187 7.5 91 1.16
44   1     6     6 1 1.020 5.27 668 25.3 252 3.34
44   1     7     7 1 1.012 5.62 461 17.4 195 1.40
44   1     8     8 1 1.029 5.67 1107 35.9 550 8.48
44   1     9     9 1 1.015 5.41 543 21.9 170 1.16
44   1    10    10 1 1.021 6.13 779 25.7 382 2.21
44   1    11    11 1 1.011 6.19 345 11.5 152 1.93
44   1    12    12 1 1.025 5.53 907 28.4 448 1.27
44   1    13    13 1 1.006 7.12 242 11.3 64 1.03
44   1    14    14 1 1.007 5.35 283 9.9 147 1.47
44   1    15    15 1 1.011 5.21 450 17.9 161 1.53
44   1    16    16 1 1.018 4.90 684 26.1 284 5.09
44   1    17    17 1 1.007 6.63 253 8.4 133 1.05
44   1    18    18 1 1.025 6.81 947 32.6 395 2.03
44   1    19    19 1 1.008 6.88 395 26.1 95 7.68
44   1    20    20 1 1.014 6.14 565 23.6 214 1.45
44   1    21    21 1 1.024 6.30 874 29.9 380 5.16
44   1    22    22 1 1.019 5.47 760 33.8 199 0.81
44   1    23    23 1 1.014 7.38 577 30.1 87 1.32
44   1    24    24 1 1.020 5.96 631 11.2 422 1.55
44   1    25    25 1 1.023 5.68 749 29.0 239 1.52
44   1    26    26 1 1.017 6.76 455 8.8 270 0.77
44   1    27    27 1 1.017 7.61 527 25.8 75 2.17
44   1    28    28 1 1.010 6.61 225 9.8 72 0.17
44   1    29    29 1 1.008 5.87 241 5.1 159 0.83
44   1    30    30 1 1.020 5.44 781 29.0 349 3.04
44   1    31    31 1 1.017 7.92 680 25.3 282 1.06
44   1    32    32 1 1.019 5.98 579 15.5 297 3.93
44   1    33    33 1 1.017 6.56 559 15.8 317 5.38
44   1    34    34 1 1.008 5.94 256 8.1 130 3.53
44   1    35    35 1 1.023 5.85 970 38.0 362 4.54
44   1    36    36 1 1.020 5.66 702 23.6 330 3.98
44   1    37    37 1 1.008 6.40 341 14.6 125 1.02
44   1    38    38 1 1.020 6.35 704 24.5 260 3.46
44   1    39    39 1 1.009 6.37 325 12.2 97 1.19
44   1    40    40 1 1.018 6.18 694 23.3 311 5.64
44   1    41    41 1 1.021 5.33 815 26.0 385 2.66
44   1    42    42 1 1.009 5.64 386 17.7 104 1.22
44   1    43    43 1 1.015 6.79 541 20.9 187 2.64
44   1    44    44 1 1.010 5.97 343 13.4 126 2.31
44   1    45    45 1 1.020 5.68 876 35.8 308 4.49
44   1    46    46 2 1.021 5.94 774 27.9 325 6.96
44   1    47    47 2 1.024 5.77 698 19.5 354 13.00
44   1    48    48 2 1.024 5.60 866 29.5 360 5.54
44   1    49    49 2 1.021 5.53 775 31.2 302 6.19
44   1    50    50 2 1.024 5.36 853 27.6 364 7.31
44   1    51    51 2 1.026 5.16 822 26.0 301 14.34
44   1    52    52 2 1.013 5.86 531 21.4 197 4.74
44   1    53    53 2 1.010 6.27 371 11.2 188 2.50
44   1    54    54 2 1.011 7.01 443 21.4 124 1.27
44   1    55    55 2 1.022 6.21 -9999 20.6 398 4.18
44   1    56    56 2 1.011 6.13 364 10.9 159 3.10
44   1    57    57 2 1.031 5.73 874 17.4 516 3.01
44   1    58    58 2 1.020 7.94 567 19.7 212 6.81
44   1    59    59 2 1.040 6.28 838 14.3 486 8.28
44   1    60    60 2 1.021 5.56 658 23.6 224 2.33
44   1    61    61 2 1.025 5.71 854 27.0 385 7.18
44   1    62    62 2 1.026 6.19 956 27.6 473 5.67
44   1    63    63 2 1.034 5.24 1236 27.3 620 12.68
44   1    64    64 2 1.033 5.58 1032 29.1 430 8.94
44   1    65    65 2 1.015 5.98 487 14.8 198 3.16
44   1    66    66 2 1.013 5.58 516 20.8 184 3.30
44   1    67    67 2 1.014 5.90 456 17.8 164 6.99
44   1    68    68 2 1.012 6.75 251 5.1 141 0.65
44   1    69    69 2 1.025 6.90 945 33.6 396 4.18
44   1    70    70 2 1.026 6.29 833 22.2 457 4.45
44   1    71    71 2 1.028 4.76 312 12.4 10 0.27
44   1    72    72 2 1.027 5.40 840 24.5 395 7.64
44   1    73    73 2 1.018 5.14 703 29.0 272 6.63
44   1    74    74 2 1.022 5.09 736 19.8 418 8.53
44   1    75    75 2 1.025 7.90 721 23.6 301 9.04
44   1    76    76 2 1.017 4.81 410 13.3 195 0.58
44   1    77    77 2 1.024 5.40 803 21.8 394 7.82
44   1    78    78 2 1.016 6.81 594 21.4 255 12.20
44   1    79    79 2 1.015 6.03 416 12.8 178 9.39
