45   1     1      1   1    0   2   0   1   1                                          
45   1     1                                                                          
45   1     2      2   1    1   2   0   1   3                                          
45   1     2                                                                          
45   1     3      3   1    4   0   0   2   1                                          
45   1     3                                                                          
45   1     4      4   1    7   0   0   1   1                                          
45   1     4                                                                          
45   1     5      5   1   10   2   0   5   1                                          
45   1     5                                                                          
45   1     6      6   1   10   2   1   4   1                                          
45   1     6     6 1 1                                                                
45   1     7      7   1   14   0   0   1   1                                          
45   1     7                                                                          
45   1     8      8   1   18   0   0   1   1                                          
45   1     8                                                                          
45   1     9      9   1   18   2   1   1   3                                          
45   1     9     5 2 4                                                                
45   1    10     10   1   18   2   2   1   1                                          
45   1    10    12 2 2  16 3 -9999                                                        
45   1    11     11   1   23   0   0   3   3                                          
45   1    11                                                                          
45   1    12     12   1   23   0   2   1   3                                          
45   1    12    10 6 1  15 3 1                                                        
45   1    13     13   1   23   0   3   1   1                                          
45   1    13     3 8 1  16 8 -9999  23 8 -9999                                                
45   1    14     14   1   23   1   3   3   1                                          
45   1    14     3 1 1   9 1 2  21 8 8                                                
45   1    15     15   1   24   0   4   2   3                                          
45   1    15     7 8 2  10 7 1  16 5 3  24 7 -9999                                        
45   1    16     16   1   25   0   3   1   1                                          
45   1    16     3 1 1  15 1 -9999  25 3 -9999                                                
45   1    17     17   1   26   0   0   1   2                                          
45   1    17                                                                          
45   1    18     18   1   26   0   1   8   1                                          
45   1    18     1 8 1                                                                
45   1    19     19   1   26   0   2   1   4                                          
45   1    19     2 4 1  26 8 -9999                                                        
45   1    20     20   1   28   0   1   1   2                                          
45   1    20    25 3 -9999                                                                
45   1    21     21   1   29   0   0   1   4                                          
45   1    21                                                                          
45   1    22     22   1   29   0   0   1   2                                          
45   1    22                                                                          
45   1    23     23   1   29   2   0   4   1                                          
45   1    23                                                                          
45   1    24     24   1   30   0   2   1   6                                          
45   1    24    28 2 1  30 1 1                                                        
45   1    25     25   1   30   0   3   1   5                                          
45   1    25     2 4 1  17 2 1  22 4 -9999                                                
45   1    26     26   1   30   2   5   2   1                                          
45   1    26     3 1 -9999   6 3 -9999   8 3 -9999  12 3 -9999  26 3 -9999                                
45   1    27     27   1   31   0   3   1   3                                          
45   1    27    12 2 -9999  15 3 1  24 1 -9999                                                
45   1    28     28   1   32   0   0   1   2                                          
45   1    28                                                                          
45   1    29     29   1   34   2   0   2   1                                          
45   1    29                                                                          
45   1    30     30   1   36   0   0   2   1                                          
45   1    30                                                                          
45   1    31     31   1   36   0   1   3   1                                          
45   1    31    29 8 1                                                                
45   1    32     32   1   37   0   0   1   2                                          
45   1    32                                                                          
45   1    33     33   1   40   0   4   4   1                                          
45   1    33     9 8 1  17 2 1  22 5 -9999  24 1 -9999                                        
45   1    34     34   1   40   0   6   5   1                                          
45   1    34    16 1 1  19 8 1  23 1 1  29 2 1  34 1 1  40 3 -9999                        
45   1    35     35   1   41   0   0   1   2                                          
45   1    35                                                                          
45   1    36     36   1   43   0   1   1   1                                          
45   1    36     3 3 1                                                                
45   1    37     37   1   43   0   1   2   6                                          
45   1    37     6 1 1                                                                
45   1    38     38   1   44   0   3   2   1                                          
45   1    38     3 5 1   6 3 1   9 4 1                                                
45   1    39     39   1   45   2   5   1   1                                          
45   1    39     9 1 1  11 3 1  20 1 1  26 4 1  30 3 1                                
45   1    40     40   1   48   0   1   1   1                                          
45   1    40    18 1 1                                                                
45   1    41     41   1   49   0   0   1   3                                          
45   1    41                                                                          
45   1    42     42   1   51   0   1   3   1                                          
45   1    42    35 1 1                                                                
45   1    43     43   1   53   0   1   1   7                                          
45   1    43    17 1 1                                                                
45   1    44     44   1   53   0   5   3   1                                          
45   1    44     3 7 1  15 2 1  46 3 -9999  51 2 -9999  53 1 1                                
45   1    45     45   1   59   0   0   1   1                                          
45   1    45                                                                          
45   1    46     46   1   61   0   9   3   2                                          
45   1    46     2 1 3  15 3 1  24 4 1  30 3 2  34 4 1  39 1 -9999  43 1 -9999  49 1 -9999  52 1 -9999
45   1    47     47   1   64   0   5   1   3                                          
45   1    47     5 3 1  14 4 1  19 2 1  27 5 1  41 -9999 -9999                                
45   1    48     48   1   64   0   8   2   3                                          
45   1    48     2 1 1   8 3 1  12 6 1  13 2 1  17 2 1  21 1 1  33 1 1  49 1 -9999        
45   1    49     49   2    0   0   0   8   1                                          
45   1    49                                                                          
45   1    50     50   2    2   2   0   1   2                                          
45   1    50                                                                          
45   1    51     51   2    4   0   2   4   6                                          
45   1    51     3 1 8   4 3 -9999                                                        
45   1    52     52   2    4   2   0   1   1                                          
45   1    52                                                                          
45   1    53     53   2    5   0   2   1   1                                          
45   1    53     2 1 2   3 1 2                                                        
45   1    54     54   2    7   2   0   2   3                                          
45   1    54                                                                          
45   1    55     55   2    8   0   0   1   1                                          
45   1    55                                                                          
45   1    56     56   2    8   0   1   4   3                                          
45   1    56     4 1 -9999                                                                
45   1    57     57   2   11   0   1   1   1                                          
45   1    57     3 1 1                                                                
45   1    58     58   2   14   2   0   1   1                                          
45   1    58                                                                          
45   1    59     59   2   26   0   0   1   2                                          
45   1    59                                                                          
45   1    60     60   2   29   2   0   1   2                                          
45   1    60                                                                          
45   1    61     61   2   30   0   1   8   1                                          
45   1    61     5 1 1                                                                
45   1    62     62   2   32   2   0   1   3                                          
45   1    62                                                                          
45   1    63     63   2   33   0   0   1   1                                          
45   1    63                                                                          
45   1    64     64   2   34   0   5   1   4                                          
45   1    64     3 1 1  10 3 1  22 4 1  26 8 -9999  34 8 -9999                                
45   1    65     65   2   37   0   5   3   7                                          
45   1    65     3 2 1   9 1 1  15 -9999 1  19 3 5  25 3 -9999                                
45   1    66     66   2   38   0   0   1   1                                          
45   1    66                                                                          
45   1    67     67   2   39   0   9   1   2                                          
45   1    67     3 3 1   7 2 1  12 4 1  16 1 1  19 2 1  28 1 -9999  34 8 -9999  36 8 -9999  39 8 -9999
45   1    68     68   2   40   0   0   1   1                                          
45   1    68                                                                          
45   1    69     69   2   40   0   0   1   1                                          
45   1    69                                                                          
45   1    70     70   2   42   0   9   3   1                                          
45   1    70     2 2 1   6 1 1  10 1 1  16 5 1  23 4 1  27 1 1  36 3 -9999  39 5 -9999  42 2 -9999
45   1    71     71   2   45   0   0   1   1                                          
45   1    71                                                                          
45   1    72     72   2   45   0   1   2   1                                          
45   1    72    10 2 1                                                                
45   1    73     73   2   46   0   2   1   4                                          
45   1    73     6 1 1  20 2 1                                                        
45   1    74     74   2   46   2   8   1   1                                          
45   1    74     8 1 1  15 5 1  18 4 1  20 6 1  22 4 1  25 8 1  38 1 1  40 3 1        
45   1    75     75   2   48   0   1   1   1                                          
45   1    75    42 1 -9999                                                                
45   1    76     76   2   54   0   0   2   1                                          
45   1    76                                                                          
45   1    77     77   2   54   0   2   1   1                                          
45   1    77    44 4 -9999  47 8 -9999                                                        
45   1    78     78   2   55   0   8   4   1                                          
45   1    78     8 1 1  14 1 1  20 2 1  25 8 1  29 1 3  33 5 1  48 8 -9999  49 8 -9999        
45   1    79     79   2   57   0   0   1   1                                          
45   1    79                                                                          
45   1    80     80   2   60   0   0   3   8                                          
45   1    80                                                                          
45   1    81     81   3    1   0   0   1   3                                          
45   1    81                                                                          
45   1    82     82   3    1   2   0   1   1                                          
45   1    82                                                                          
45   1    83     83   3    5   2   1   8   1                                          
45   1    83     5 8 1                                                                
45   1    84     84   3    9   0   0   1   2                                          
45   1    84                                                                          
45   1    85     85   3   10   2   0   1   1                                          
45   1    85                                                                          
45   1    86     86   3   13   0   0   1   1                                          
45   1    86                                                                          
45   1    87     87   3   14   0   1   2   6                                          
45   1    87     3 1 1                                                                
45   1    88     88   3   17   2   5   5   3                                          
45   1    88     1 5 2   3 2 1   5 5 1   7 2 1  10 2 1                                
45   1    89     89   3   18   2   0   5   1                                          
45   1    89                                                                          
45   1    90     90   3   18   2   1   1   3                                          
45   1    90    17 2 1                                                                
45   1    91     91   3   19   1   1   5   1                                          
45   1    91     2 2 1                                                                
45   1    92     92   3   21   2   2   1   1                                          
45   1    92    17 1 1  19 1 1                                                        
45   1    93     93   3   22   0   0   1   1                                          
45   1    93                                                                          
45   1    94     94   3   25   0   0   1   3                                          
45   1    94                                                                          
45   1    95     95   3   25   0   0   1   5                                          
45   1    95                                                                          
45   1    96     96   3   25   0   0   1   1                                          
45   1    96                                                                          
45   1    97     97   3   26   0   3   1   1                                          
45   1    97     6 2 1  12 3 1  13 1 -9999                                                
45   1    98     98   3   27   0   1   1   1                                          
45   1    98     6 1 1                                                                
45   1    99     99   3   29   0   1   2   1                                          
45   1    99     2 2 -9999                                                                
45   1   100    100   3   36   0   2   8   3                                          
45   1   100    26 3 -9999  35 3 -9999                                                        
45   1   101    101   3   38   0   0   1   1                                          
45   1   101                                                                          
45   1   102    102   3   39   0   4   1   1                                          
45   1   102    22 2 1  23 1 1  27 2 1  32 3 -9999                                        
45   1   103    103   3   39   2   7   6   1                                          
45   1   103     4 1 1  16 3 1  23 3 1  27 3 1  33 8 -9999  36 -9999 -9999  37 8 1                
45   1   104    104   3   40   0   4   3   1                                          
45   1   104    24 3 1  26 2 -9999  29 1 -9999  40 2 -9999                                        
45   1   105    105   3   41   0   0   3   2                                          
45   1   105                                                                          
45   1   106    106   3   41   2   0   1   1                                          
45   1   106                                                                          
45   1   107    107   3   43   0   2   1   1                                          
45   1   107     1 1 2  27 1 -9999                                                        
45   1   108    108   3   44   0   0   1   1                                          
45   1   108                                                                          
45   1   109    109   3   44   0   5   6   1                                          
45   1   109     2 2 1  20 1 1  23 2 1  27 1 1  38 8 -9999                                
45   1   110    110   3   45   0   0   1   2                                          
45   1   110                                                                          
45   1   111    111   3   46   0   1   1   4                                          
45   1   111     2 1 1                                                                
45   1   112    112   3   46   2   0   1   4                                          
45   1   112                                                                          
45   1   113    113   3   49   0   0   3   3                                          
45   1   113                                                                          
45   1   114    114   3   50   0   0   1   1                                          
45   1   114                                                                          
45   1   115    115   3   50   0   3   4   1                                          
45   1   115     4 1 1  24 1 1  47 1 -9999                                                
45   1   116    116   3   54   0   0   3   4                                          
45   1   116                                                                          
45   1   117    117   3   54   0   1   2   1                                          
45   1   117    38 2 1                                                                
45   1   118    118   3   59   2   0   1   3                                          
45   1   118                                                                          
