47   1     1    i 1 1 1 1 1 0 1 1 1 1 1 1 1 1 1 1 1 0 1 1 1 1 1 1 0
47   1     2    i 2 1 1 1 0 1 1 1 0 1 0 1 1 1 1 1 1 1 1 1 0 1 1 0 1
47   1     3    i 3 1 1 1 1 0 0 1 1 1 1 1 0 1 1 1 1 0 1 1 1 0 0 1 1
47   1     4    i 4 0 1 0 1 0 1 0 0 1 0 0 0 1 1 1 1 1 0 1 0 0 0 0 1
47   1     5    i 5 1 1 1 0 1 1 1 1 0 1 1 1 1 1 1 1 1 0 0 1 1 0 0 1
47   1     6    i 6 0 1 1 1 1 0 1 0 1 0 0 1 1 1 1 0 1 1 1 0 0 1 1 0
47   1     7    i 7 0 1 0 1 0 1 0 1 1 1 1 1 1 1 0 0 1 1 1 0 0 1 0 0
47   1     8    i 8 1 1 1 1 0 0 0 1 1 1 0 1 1 1 1 1 1 1 0 1 1 1 1 0
47   1     9    i 9 1 1 1 0 0 1 1 1 1 1 1 1 1 1 1 1 1 0 1 1 1 1 1 1
47   1    10    i 10 1 1 1 0 1 0 1 0 1 1 1 1 1 0 1 1 1 0 1 0 1 1 1 1
47   1    11    i 11 0 1 1 0 1 1 1 1 1 0 0 1 1 1 1 1 0 1 0 1 1 0 0 1
47   1    12    i 12 0 0 1 1 1 1 1 1 0 1 1 1 1 0 1 0 1 1 1 1 1 1 0 1
47   1    13    i 13 1 1 1 1 0 1 1 1 1 0 1 1 1 1 1 1 0 1 1 1 1 0 1 1
47   1    14    i 14 1 1 1 0 1 1 0 0 0 1 0 1 1 1 1 0 0 1 1 1 1 1 0 1
47   1    15    i 15 0 1 1 1 0 0 0 0 1 0 1 1 0 0 0 1 0 1 0 1 1 1 0 0
47   1    16    i 16 0 0 0 1 1 0 1 1 0 1 0 1 1 0 0 0 0 1 0 1 0 0 1 0
47   1    17    i 17 0 1 1 1 0 1 0 0 1 0 0 1 1 0 1 1 1 1 0 0 1 1 0 0
47   1    18    i 18 1 1 1 0 1 1 0 1 0 1 0 1 1 1 1 1 0 1 1 1 0 0 0 1
47   1    19    i 19 1 1 1 0 1 0 0 0 1 0 0 1 1 1 0 1 0 1 1 1 1 1 0 1
47   1    20    i 20 1 0 1 1 0 1 0 0 0 0 1 1 1 1 1 0 0 1 1 1 1 0 0 1
47   1    21    i 21 1 1 0 1 1 1 0 1 0 1 0 1 1 1 0 1 0 0 1 1 1 1 1 0
47   1    22    i 22 0 1 0 1 1 1 1 0 1 1 1 1 1 1 1 0 1 0 1 0 0 0 0 1
47   1    23    i 23 0 1 0 1 1 0 0 0 0 0 1 1 1 1 1 0 0 1 0 1 0 1 0 1
47   1    24    i 24 1 1 1 1 1 1 1 1 1 1 1 1 1 1 1 1 1 0 1 1 1 1 1 1
47   1    25    ii 1 1 0 0 1 0 1 0 1 1 1 1 1 0 1 1 1 1 0 1 1 0 0 1 1
47   1    26    ii 2 1 0 0 0 1 0 1 0 0 1 0 1 0 0 1 0 1 1 0 1 0 0 0 0
47   1    27    ii 3 0 1 1 1 0 0 1 1 1 0 1 0 0 1 0 1 0 1 0 0 1 0 0 0
47   1    28    ii 4 0 0 0 0 0 0 0 1 1 0 1 0 1 0 1 1 0 0 1 1 0 1 1 0
47   1    29    ii 5 1 0 0 0 0 1 0 1 1 1 1 1 1 0 0 0 1 0 1 0 1 0 0 1
47   1    30    ii 6 0 0 0 1 1 0 1 0 0 1 1 0 0 1 1 0 1 0 0 1 0 1 0 1
47   1    31    ii 7 0 1 0 0 1 1 1 1 0 1 1 0 0 1 0 0 1 0 0 0 0 0 0 0
47   1    32    ii 8 0 0 1 1 0 1 0 0 1 0 0 0 1 0 1 1 0 0 0 0 0 0 1 1
47   1    33    ii 9 1 0 0 1 0 0 0 1 0 0 0 1 1 1 0 1 0 0 1 0 0 0 1 0
47   1    34    ii 10 0 1 0 1 1 1 0 0 1 0 1 0 1 1 1 0 1 0 1 0 0 0 1 0
47   1    35    ii 11 1 1 1 0 1 1 0 0 1 1 0 1 0 1 0 1 0 0 1 0 1 1 0 0
47   1    36    ii 12 0 1 0 1 0 1 1 0 0 0 0 1 0 0 1 1 1 0 1 0 0 1 0 1
47   1    37    ii 13 0 1 1 1 1 0 1 1 0 1 1 1 0 0 0 1 1 1 1 0 0 0 1 0
47   1    38    ii 14 0 0 0 1 0 0 1 1 0 0 1 1 0 0 0 1 1 1 1 1 1 0 0 1
47   1    39    ii 15 0 0 0 1 1 1 0 0 1 0 0 0 1 0 0 1 0 0 0 1 1 1 1 0
47   1    40    ii 16 1 1 1 0 0 1 1 1 1 1 1 0 0 1 0 0 1 0 0 0 0 0 1 0
47   1    41    ii 17 1 1 0 1 0 0 1 1 1 0 0 1 1 1 0 0 1 0 0 0 1 0 1 1
47   1    42    ii 18 1 0 0 1 0 0 0 0 1 1 1 1 0 0 0 1 0 0 0 0 1 0 0 0
47   1    43    ii 19 0 0 0 0 0 0 0 0 0 1 1 0 1 0 0 0 0 0 0 0 1 1 1 1
47   1    44    ii 20 1 0 1 0 0 0 0 0 1 0 1 0 0 1 0 0 0 0 0 1 1 0 0 1
47   1    45    ii 21 1 0 0 1 1 0 0 0 0 1 0 1 1 1 1 0 0 0 1 0 0 1 0 1
47   1    46    ii 22 0 1 1 1 1 1 1 0 0 1 0 1 0 0 0 0 1 1 0 1 1 0 1 0
47   1    47    ii 23 0 0 0 0 0 0 0 0 0 1 0 0 0 0 1 0 0 0 0 0 0 0 1 0
47   1    48    ii 24 0 0 1 1 1 0 0 0 0 1 1 0 1 1 1 1 0 1 1 1 1 0 1 1
47   1    49    iii 1 1 0 1 1 1 1 1 0 1 0 0 1 1 1 1 1 1 1 1 1 1 1 1 0
47   1    50    iii 2 0 0 1 0 0 0 1 0 0 0 1 0 1 1 1 0 0 0 1 0 0 0 0 1
47   1    51    iii 3 1 0 1 0 0 1 1 1 1 0 0 0 0 1 1 1 0 0 1 1 0 0 0 0
47   1    52    iii 4 0 1 0 0 0 1 0 0 0 1 0 0 0 0 0 0 1 0 1 1 1 0 0 0
47   1    53    iii 5 0 1 1 1 1 0 0 1 1 1 1 0 0 0 0 1 0 1 1 0 1 0 1 1
47   1    54    iii 6 0 0 1 1 0 1 0 1 1 1 0 1 0 1 1 0 1 1 0 0 0 1 1 0
47   1    55    iii 7 1 1 0 0 1 1 0 0 1 1 1 1 0 0 1 0 0 0 1 0 1 1 0 1
47   1    56    iii 8 1 1 1 0 0 0 1 1 1 0 1 1 1 1 0 0 0 0 0 1 1 0 1 1
47   1    57    iii 9 1 0 1 0 1 0 1 0 1 1 0 1 1 0 0 0 0 1 1 0 1 0 0 1
47   1    58    iii 10 1 0 1 0 1 1 0 0 1 1 0 0 0 1 1 1 0 0 0 0 1 0 0 0
47   1    59    iii 11 0 0 0 1 0 0 0 1 0 0 1 0 1 1 1 0 0 0 0 0 0 1 1 0
47   1    60    iii 12 1 0 1 1 0 1 1 1 1 0 1 1 0 1 0 1 1 1 0 1 1 0 1 1
47   1    61    iii 13 1 0 0 1 1 1 0 1 0 1 0 0 1 0 0 0 0 1 1 0 1 0 0 1
47   1    62    iii 14 0 1 1 0 0 0 0 0 0 1 1 1 0 0 0 0 1 1 0 1 0 0 0 1
47   1    63    iii 15 0 1 1 0 0 0 0 0 0 1 0 1 1 0 0 1 1 1 0 1 0 1 1 1
47   1    64    iii 16 1 0 0 0 1 1 0 1 0 1 0 1 1 1 1 0 0 0 1 0 0 1 0 1
47   1    65    iii 17 0 1 1 1 1 0 1 0 0 1 0 1 0 0 0 0 0 1 0 0 0 0 1 0
47   1    66    iii 18 0 0 0 0 0 1 1 1 1 0 0 0 1 0 0 1 1 0 1 0 0 1 1 1
47   1    67    iii 19 1 1 1 1 0 1 0 1 1 1 1 0 0 1 1 1 1 1 1 0 0 1 1 1
47   1    68    iii 20 0 1 0 1 0 1 0 1 1 0 0 0 1 0 0 1 1 0 1 0 1 0 1 0
47   1    69    iii 21 0 0 0 0 1 0 1 1 1 0 0 0 0 1 1 0 0 1 0 1 1 0 0 1
47   1    70    iii 22 0 1 1 1 0 1 0 0 0 0 0 0 0 0 0 0 1 0 1 0 1 1 0 1
47   1    71    iii 23 0 1 1 0 0 0 1 0 0 0 1 0 0 0 0 1 0 0 1 0 0 1 0 0
47   1    72    iii 24 0 1 1 1 1 1 0 1 1 0 1 1 1 1 1 0 1 1 0 0 1 1 1 1
47   1    73    iv 1 1 0 1 0 1 0 1 1 0 1 0 1 1 1 1 1 0 1 1 1 1 0 1 1
47   1    74    iv 2 0 1 0 0 0 1 0 1 0 1 0 0 0 0 0 0 0 1 0 0 1 0 0 0
47   1    75    iv 3 1 0 0 0 0 0 1 1 1 1 1 0 0 1 0 0 0 0 0 0 0 1 0 0
47   1    76    iv 4 0 0 1 0 0 0 1 0 1 0 1 0 0 0 1 0 0 0 0 0 0 0 0 1
47   1    77    iv 5 1 0 0 1 1 1 0 0 1 1 1 1 0 1 0 1 0 0 0 1 0 0 0 0
47   1    78    iv 6 1 0 0 0 0 0 1 1 0 0 0 1 0 0 0 1 0 0 0 0 0 0 0 1
47   1    79    iv 7 0 0 1 0 0 0 0 0 0 0 1 0 0 1 0 0 1 0 0 0 0 0 1 0
47   1    80    iv 8 0 0 0 0 1 1 1 0 0 1 1 0 1 1 1 0 1 0 0 1 0 0 1 1
47   1    81    iv 9 0 0 0 0 0 1 0 1 0 0 0 0 1 1 1 1 0 0 1 0 0 0 0 0
47   1    82    iv 10 1 0 0 0 0 1 0 0 1 0 0 0 0 1 1 0 0 0 0 0 1 0 0 0
47   1    83    iv 11 1 0 0 0 0 1 1 0 0 0 0 1 0 1 0 0 1 1 1 0 1 1 0 0
47   1    84    iv 12 0 0 0 0 0 0 1 1 1 1 0 1 0 0 0 1 1 0 0 0 1 0 1 0
47   1    85    iv 13 1 0 0 0 0 0 1 0 1 0 1 0 0 1 1 1 1 0 1 1 1 0 0 0
47   1    86    iv 14 1 0 0 0 0 0 0 0 0 1 0 1 0 0 1 0 0 1 0 1 0 0 0 0
47   1    87    iv 15 0 0 0 1 0 0 0 0 0 0 0 0 0 0 0 0 0 0 1 1 1 0 0 1
47   1    88    iv 16 1 0 1 1 0 0 0 0 1 0 0 0 1 0 1 0 0 0 1 0 1 1 1 0
47   1    89    iv 17 0 0 0 0 0 1 0 1 1 0 1 1 0 0 0 0 0 0 1 0 0 0 0 1
47   1    90    iv 18 1 0 0 0 0 1 0 0 0 0 0 1 1 0 0 0 0 0 0 0 0 0 0 1
47   1    91    iv 19 0 0 0 1 1 0 0 0 0 1 0 1 1 0 0 1 0 1 0 0 0 0 1 0
47   1    92    iv 20 0 0 0 0 0 1 0 0 0 1 0 0 0 1 1 1 1 0 1 1 0 0 1 1
47   1    93    iv 21 0 1 0 1 1 0 0 1 0 0 1 1 0 0 0 1 1 0 1 1 0 1 0 1
47   1    94    iv 22 0 0 0 0 1 0 0 0 0 0 0 0 0 0 0 0 1 1 0 1 1 0 0 0
47   1    95    iv 23 0 0 0 0 0 0 0 0 0 0 0 0 0 0 0 0 1 1 0 0 0 0 0 0
47   1    96    iv 24 0 1 0 1 1 1 1 0 0 0 0 0 0 1 1 0 0 1 1 1 1 0 1 1
