50   1     1     1  0  0  0  0  0  0  0  0  0  1  5  4  6  3  1  2
50   1     2     2  0  0  0  1  0  1  0  2  0  3  5  2  4  6  1  2
50   1     3     3  0  0  0  0  0  0  2  0  0  1  1  2  5  3  2  1
50   1     4     4  0  1  0  0  0  0  0  2  0  1  5  3  1  8  5  2
50   1     5     5  0  1  0  0  1  0  1  1  0  0  6  6  5 10  5  3
50   1     6     6  0  0  0  0  0  0  0  0  2  0  1  8  5  5  5  4
50   1     7     7  0  0  0  0  0  0  0  0  1  3 13 15  5  2  8  1
50   1     8     8  0  0  0  0  0  0  0  0  1  8  8  8  7  8  8  1
50   1     9     9  0  0  0  1  1  0  0  0  0  0  7  5  2  2  4  1
50   1    10    10  0  1  1  3  1  0  0  0  0  0 20  4  8  5  4  4
50   1    11    11  0  0  2  3  0  0  0  0  0  5  6 10  2  3  4  4
50   1    12    12  0  1  1  6  0  0  0  0  0  0  7  3  5  2  1  3
50   1    13    13  0  0  0  1  1  0  0  0  1  5  2  2  1  6  2  3
50   1    14    14  1  0  1  2  1  0  0  0  0  5  9  1  9  7  2  3
50   1    15    15  0  2  0  1  1  0  1  0  0  1  0  2  2  3  5  3
50   1    16    16  0  1  2  5  0  0  0  0  0  1  6  0  4  1  8  4
50   1    17    17  0  1  0  2  0  0  3  0  1  2  2  0  3  4  6  1
50   1    18    18  0  0  0  1  0  0  1  1  0  4  1  0  1  4  5  8
50   1    19    19  0  0  0  0  0  1  0  2  0  3  4  2  2  6  2  8
50   1    20    20  0  0  0  0  0  1  0  0  0  4  3  4  1  7  4  3
50   1    21    21  0  0  0  0  1  0  1  0  0  2  3  2  1  5  1  4
50   1    22    22  0  0  1  0  0  0  1  0  0  1  9  2  0  3  2  2
50   1    23    23  0  0  0  0  0  0  0  2  0  1 10  1  1  5  1  5
50   1    24    24  0  1  0  0  0  0  1  0  0  8  9  4  2  2  3  1
50   1    25    25  0  0  0  0  0  0  0  0  1  3  3  4  3  5  1  3
50   1    26    26  0  0  0  0  0  0  0  0  1  1  1  3  4  4  2  7
50   1    27    27  0  0  0  0  0  0  0  1  0  2  4  3  4  5  5  9
50   1    28    28  0  1  0  1  1  0  0  0  0  4  3  7  5  8  2  2
50   1    29    29  0  0  0  0  0  0  0  0  0  4  1  3  1  6  5  4
50   1    30    30  0  0  0  0  1  0  1  0  0  1  3  0  3  1  1  1
50   1    31    31  0  0  0  0  0  0  0  0  0  1  2  1  0  1  3  3
50   1    32    32  0  0  0  0  0  0  0  0  0  1  2  1  0  1  3  3
50   1    33     1  2  4  4  3  1  1  7  3  4  5  2  5  3  4  0  2
50   1    34     2  4 12  4  7  3  5  2  8  5  4  3  4  7  3  2  2
50   1    35     3 12 10  4  7  3  5  1  4  6  7 10  8  5  3  4  1
50   1    36     4  7  4  2  1  7  2  5  0  5  3  2 12  4  6  3  0
50   1    37     5  1  6  1  3  6  4  1  7  2  1  3 13  9  4  5  4
50   1    38     6 10  2  2  5  3  4  3  3  4  0  1  6  4  8  7  4
50   1    39     7  3  2  1  5  2  3  1  1  0  0  3  9  4  6  2  5
50   1    40     8  6  3  3  3  2  5  1  4  3  1  0  4  5 12  8  4
50   1    41     9  2  1  3  7 12  3  0  1  0  1  2  3  3  6 14  3
50   1    42    10  2  2  5  6 13  6  6  0  2  2  1  2  6  6  9  1
50   1    43    11  4  1  1 10  5  4  4  0  0  1  0  2  5  1  8  1
50   1    44    12  4  1  4  1 10  4  4  1  1  0  2  0  3  3  8  2
50   1    45    13  2  1  2  4 13 10  5  0  1  0  0  2  2  2  3  1
50   1    46    14  6  4  1  0 12  3  5  1  1  0  3  1  1  1  5  0
50   1    47    15  6  3  1  3  3  5  2  1  1  6  1  1  3  0  6  0
50   1    48    16  5  6  0  1  2  1  0  0  2  0  0  2  2  1  1  1
50   1    49    17  4  0  0  1  1  3  2  0  0  1  1  0  4  2  0  0
50   1    50    18  2  5  1  5  0  3  2  0  0  2  1  0  0  2  1  0
50   1    51    19  4  1  1  5  4  0  0  0  0  0  5  1  0  0  0  0
50   1    52    20  0  2  2  1  0  3  2  1  1  2  6  5  0  0  0  0
50   1    53    21  0  1  0  1  1  3  7  2  2  3  5  4  2  2  0  0
50   1    54    22  0  4  0  3  0  4  6  8  3  6  9  7  0  3  2  0
50   1    55    23  3  1  2  4  1 11  8  4  8 12  5  6  0  1  0  1
50   1    56    24  2  5  2  5  3  8  7  7  5 15  7  9  1  1  1  0
50   1    57    25  1  5  4  2  7  5 10  6  9  6  7  5  2  1  4  1
50   1    58    26  9  2  7  4  3  4 10 10  8  8  3  0  2  2  1  0
50   1    59    27 13  3  7  6  7  4  6  8  3  4  6  2  1  1  1  1
50   1    60    28  8  4  2 10  6  5  8  7  7  3  3  1  3  3  0  1
50   1    61    29  6  3  2 10  6  2  4 17  8  1  2  4  1  0  1  2
50   1    62    30  8  9  1  4  4  5  3 11 14  5  8  4  2  1  1  0
50   1    63    31  6  2  6  3  5  5  4  6  6  8  3  4  0  4  1  2
50   1    64    32  6  2  6  3  5  5  4  6  6  8  3  4  0  4  1  2
