51   1     1     1 5  X0    5  2  3  5  1  2  1  2  1  0  3  0  2  0  0  1  5  2  4  3
51   1     2     1 5  X1    0  3  2  0  3  1  3  3  4  5  2  4  3  5  5  4  0  2  1  2
51   1     3     1 5  X2    0  0  0  0  1  2  1  0  0  0  0  1  0  0  0  0  0  0  0  0
51   1     4     1 5  N     0  3  2  0  5  5  5  3  4  5  2  6  3  5  5  4  0  5  1  2
51   1     5    
51   1     6     1 15 X0   11  9  8  8  9 10  7 10 11  7 13  7  8  9  8  8  7 10 11 10
51   1     7     1 15 X1    4  6  5  7  6  5  8  5  4  7  2  8  6  6  6  7  8  5  4  5
51   1     8     1 15 X2    0  0  2  0  0  0  0  0  0  1  0  0  1  0  1  0  0  0  0  0
51   1     9     1 15 N     4  6  9  7  6  5  8  5  4  9  2  8  8  6  8  7  8  5  4  5
51   1    10    
51   1    11     1 30 X0   20 18 19 19 18 18 23 19 19 17 23 13 12 24 17 17 14 24 19 13
51   1    12     1 30 X1   10 12 10 11 12 12  7 10 11 13  7 17 17  6 12 11 16 10 11 16
51   1    13     1 30 X2    0  0  1  0  0  0  0  1  0  0  0  0  1  0  1  2  0  0  0  1
51   1    14     1 30 N    10 12 12 11 12 12  7 12 11 13  7 17 19  6 14 15 16 10 11 18
51   1    15    
51   1    16    10 50 X0    3 13  2  5  7  1  5 11 10  4
51   1    17    10 50 X1   19 20 22 25 32 24 27 29 25 19
51   1    18    10 50 X2   20  9 18 14  9 20 16 10 14 22
51   1    19    10 50 N    86 65 83 71 56 80 65 49 56 80
