52   1     1    1 1 A 1 0 0 0 0 1 0 0 0 17.01
52   1     2    2 1 B 1 2 0 0 0 4 3 0 2 32.68
52   1     3    3 1 C 1 0 0 0 1 2 6 2 7 35.40
52   1     4    4 1 D 0 4 0 0 1 4 2 7 3 43.70
52   1     5    5 1 A 1 3 0 0 1 2 0 1 1 7.73
52   1     6    6 1 B 1 3 0 0 0 1 4 0 0 44.36
52   1     7    7 1 C 0 0 0 0 0 1 2 1 1 5.60
52   1     8    8 1 D 0 3 0 0 1 1 1 1 2 6.44
52   1     9    9 1 A 2 0 0 0 0 0 3 0 0 17.55
52   1    10    10 1 B 0 0 0 0 1 0 2 1 3 4.62
52   1    11    11 1 C 0 0 0 0 0 4 0 1 0 8.15
52   1    12    12 1 D 0 1 0 0 0 2 2 0 2 8.09
52   1    13    13 1 A 2 0 0 0 2 3 0 0 0 28.59
52   1    14    14 1 B 0 0 0 0 1 1 0 0 1 4.17
52   1    15    15 1 C 1 0 0 0 4 2 0 0 0 20.43
52   1    16    16 1 D 0 0 0 0 0 2 1 0 0 8.40
52   1    17    17 1 A 1 2 0 0 1 2 4 1 0 10.61
52   1    18    18 1 B 1 0 0 0 2 1 6 0 5 64.46
52   1    19    19 1 C 0 2 0 0 3 2 0 0 2 3.44
52   1    20    20 1 D 0 1 0 0 4 10 3 1 9 42.24
52   1    21    21 1 A 0 0 0 0 0 5 6 0 5 46.42
52   1    22    22 1 B 1 4 0 0 1 10 7 0 0 44.22
52   1    23    23 1 C 0 0 0 0 1 6 8 0 1 65.61
52   1    24    24 1 D 1 0 0 0 0 8 10 3 6 44.80
52   1    25    25 1 A 1 4 0 0 1 10 8 2 5 81.32
52   1    26    26 1 B 0 0 0 0 0 6 5 0 1 16.53
52   1    27    27 1 C 1 5 0 0 2 8 10 2 4 77.43
52   1    28    28 1 D 0 0 0 0 4 2 4 3 4 19.42
52   1    29    29 1 A 1 0 0 1 7 2 6 1 3 26.98
52   1    30    30 1 B 0 0 0 0 5 4 0 1 3 13.22
52   1    31    31 1 C 2 0 0 2 1 9 5 0 4 33.95
52   1    32    32 1 D 2 0 0 2 1 2 6 1 7 71.73
52   1    33    33 1 A 2 1 0 0 1 4 1 0 4 8.07
52   1    34    34 1 B 2 1 0 1 2 5 3 1 7 25.90
52   1    35    35 1 C 1 0 0 0 0 9 0 3 6 15.67
52   1    36    36 1 D 1 0 0 0 0 3 4 0 6 13.54
52   1    37    37 1 A 2 0 0 0 9 12 9 0 4 51.96
52   1    38    38 1 B 0 0 0 0 2 6 2 0 2 35.52
52   1    39    39 1 C 2 0 0 0 1 5 3 0 7 51.06
52   1    40    40 1 D 0 0 0 1 0 7 3 0 6 27.44
52   1    41    1 2 A 0 0 0 0 1 1 0 0 0 0.76
52   1    42    2 2 B 0 0 0 0 0 0 0 0 0 0.00
52   1    43    3 2 C 0 1 0 0 1 4 0 0 3 4.29
52   1    44    4 2 D 0 2 0 0 0 2 0 0 1 3.07
52   1    45    5 2 A 1 0 0 0 0 4 0 0 2 4.06
52   1    46    6 2 B 0 0 0 0 0 1 0 0 0 0.84
52   1    47    7 2 C 0 0 0 0 0 2 1 0 2 23.68
52   1    48    8 2 D 2 0 0 0 1 1 0 0 2 55.68
52   1    49    9 2 A 0 1 0 0 2 2 0 0 0 1.82
52   1    50    10 2 B 2 1 0 1 0 2 0 0 0 53.37
52   1    51    11 2 C 0 0 0 0 0 4 1 0 0 3.79
52   1    52    12 2 D 1 2 0 0 0 1 0 0 4 38.17
52   1    53    13 2 A 1 0 0 4 0 2 1 0 0 12.45
52   1    54    14 2 B 0 2 0 0 0 1 0 0 6 3.24
52   1    55    15 2 C 0 1 0 0 0 1 1 0 3 6.43
52   1    56    16 2 D 1 0 0 1 0 6 0 0 3 20.74
52   1    57    17 2 A 1 1 0 1 1 2 1 0 1 37.29
52   1    58    18 2 B 0 1 0 0 1 1 0 0 1 2.71
52   1    59    19 2 C 0 3 0 0 0 0 0 0 2 2.42
52   1    60    20 2 D 1 5 1 1 0 3 0 0 2 54.75
52   1    61    21 2 A 0 1 0 0 1 11 0 0 2 4.73
52   1    62    22 2 B 1 2 0 0 1 3 0 0 0 27.11
52   1    63    23 2 C 0 8 0 0 1 4 0 0 1 13.24
52   1    64    24 2 D 0 4 0 0 7 2 1 0 0 7.06
52   1    65    25 2 A 0 3 0 0 1 0 0 0 3 4.71
52   1    66    26 2 B 0 0 0 0 1 2 0 0 1 2.23
52   1    67    27 2 C 2 3 0 0 1 1 0 0 2 39.66
52   1    68    28 2 D 0 3 0 0 2 3 0 0 1 11.24
52   1    69    29 2 A 0 3 0 0 1 4 0 0 1 4.93
52   1    70    30 2 B 0 2 0 0 0 0 0 0 1 2.90
52   1    71    31 2 C 0 0 0 0 0 3 1 0 3 5.90
52   1    72    32 2 D 0 7 0 0 0 0 0 0 0 4.01
52   1    73    33 2 A 0 0 0 2 2 2 0 0 0 5.20
52   1    74    34 2 B 0 2 0 0 1 1 0 0 3 2.66
52   1    75    35 2 C 2 1 0 0 0 4 0 0 0 45.68
52   1    76    36 2 D 0 4 0 0 0 1 1 0 0 6.22
52   1    77    37 2 A 2 0 0 0 0 2 0 0 1 39.57
52   1    78    38 2 B 1 1 0 0 1 2 1 0 0 28.10
52   1    79    39 2 C 0 1 0 0 0 1 0 0 0 0.91
52   1    80    40 2 D 0 2 0 0 1 1 0 0 8 4.52
52   1    81    1 3 A 0 0 0 0 5 8 0 1 5 17.61
52   1    82    2 3 B 1 0 0 0 2 8 0 1 17 72.61
52   1    83    3 3 C 1 0 0 0 0 5 3 2 6 57.10
52   1    84    4 3 D 0 0 0 0 0 0 4 0 11 32.34
52   1    85    5 3 A 0 2 0 0 1 1 1 0 5 21.19
52   1    86    6 3 B 0 0 0 0 1 2 3 0 9 24.47
52   1    87    7 3 C 1 0 0 0 0 3 5 0 4 74.06
52   1    88    8 3 D 0 1 0 0 0 0 4 0 0 22.17
52   1    89    9 3 A 0 0 0 0 0 2 2 0 9 19.34
52   1    90    10 3 B 0 1 0 0 0 1 1 0 4 9.38
52   1    91    11 3 C 0 0 0 0 1 2 2 0 10 23.74
52   1    92    12 3 D 0 0 0 0 1 4 2 0 4 26.20
52   1    93    13 3 A 0 0 0 0 0 1 4 0 2 33.11
52   1    94    14 3 B 1 2 0 0 1 4 6 0 10 63.90
52   1    95    15 3 C 0 1 0 0 0 2 4 0 4 28.40
52   1    96    16 3 D 0 0 0 0 2 7 6 1 13 59.82
52   1    97    17 3 A 1 0 0 0 0 4 1 0 2 26.63
52   1    98    18 3 B 0 2 0 0 1 3 6 0 4 36.10
52   1    99    19 3 C 1 2 0 0 0 3 6 0 3 32.31
52   1   100    20 3 D 0 0 0 0 0 3 4 0 1 26.90
52   1   101    21 3 A 0 2 0 0 1 4 2 0 3 24.49
52   1   102    22 3 B 0 4 0 0 0 0 5 0 3 28.38
52   1   103    23 3 C 0 1 0 0 1 6 5 0 3 32.15
52   1   104    24 3 D 0 3 0 0 0 8 10 1 9 70.68
52   1   105    25 3 A 2 1 0 0 0 1 1 0 2 39.12
52   1   106    26 3 B 0 1 0 0 0 3 5 0 1 18.91
52   1   107    27 3 C 0 3 0 0 0 3 9 0 2 78.15
52   1   108    28 3 D 0 1 0 0 1 2 9 0 3 63.01
52   1   109    29 3 A 0 1 0 0 0 0 2 0 5 16.40
52   1   110    30 3 B 0 3 0 0 0 2 4 0 7 36.77
52   1   111    31 3 C 0 1 0 0 0 2 3 0 7 23.20
52   1   112    32 3 D 0 2 0 0 0 3 10 0 10 55.54
52   1   113    33 3 A 0 0 0 0 0 1 10 0 6 53.32
52   1   114    34 3 B 0 0 0 0 0 2 1 0 9 10.65
52   1   115    35 3 C 0 1 0 0 0 5 5 0 4 21.63
52   1   116    36 3 D 0 1 0 0 0 4 10 0 8 49.26
52   1   117    37 3 A 1 2 0 0 0 2 1 0 7 39.26
52   1   118    38 3 B 0 1 0 0 2 12 8 1 16 49.58
52   1   119    39 3 C 1 0 0 0 1 4 8 0 10 68.21
52   1   120    40 3 D 0 2 0 0 1 5 13 0 8 78.62
