53   1     1    1 1 0 1312 1445 882 -9999 609 241 180 394 782
53   1     2    2 1 0 1439 1503 985 230 629 222 150 416 824
53   1     3    3 1 0 1378 1464 934 -9999 620 233 135 403 778
53   1     4    4 1 0 1315 1367 895 230 564 207 158 394 801
53   1     5    5 1 0 1413 1500 969 -9999 645 247 161 426 823
53   1     6    6 1 0 1090 1195 740 -9999 493 189 122 350 673
53   1     7    7 1 0 1294 1421 872 239 606 226 155 396 780
53   1     8    8 1 0 1377 1504 954 248 660 240 159 417 812
53   1     9    9 1 0 1296 1439 878 208 630 215 -9999 387 759
53   1    10    10 1 0 1470 1563 987 236 672 231 185 429 856
53   1    11    11 1 0 1612 1699 1119 281 778 263 185 441 921
53   1    12    12 1 0 1388 1500 936 227 616 220 150 412 805
53   1    13    13 1 0 1575 1655 1100 295 727 271 178 461 905
53   1    14    14 1 0 1717 1821 1184 307 810 284 185 490 960
53   1    15    15 1 0 1587 1711 1115 293 778 279 184 461 910
53   1    16    16 1 0 1604 1770 1132 268 823 272 173 474 880
53   1    17    17 1 0 1630 1703 1122 294 755 268 190 467 902
53   1    18    18 1 0 1490 1599 1007 289 710 278 179 483 897
53   1    19    19 1 0 1552 1540 1031 234 701 238 192 447 852
53   1    20    20 1 0 1595 1709 1092 267 803 255 204 455 904
53   1    21    21 1 0 1840 1907 1279 297 855 308 225 536 984
53   1    22    22 1 0 1740 1817 1225 291 838 281 185 493 977
53   1    23    23 1 0 1846 1893 1300 -9999 830 288 213 527 1013
53   1    24    24 1 0 1702 1860 1270 332 864 306 221 513 947
53   1    25    25 1 0 1768 1890 1173 -9999 837 285 252 512 968
53   1    26    1 2 0 1112 1225 755 -9999 525 175 141 354 702
53   1    27    2 2 0 1262 1367 855 211 575 200 145 386 760
53   1    28    3 2 0 1423 1490 971 229 626 226 159 441 839
53   1    29    4 2 0 1373 1494 952 247 664 238 171 428 828
53   1    30    5 2 0 1414 1517 971 256 659 229 197 433 853
53   1    31    6 2 0 1415 1523 973 257 671 247 181 443 859
53   1    32    7 2 0 1374 1463 927 241 629 205 169 393 833
53   1    33    8 2 0 1427 1487 978 221 646 210 173 402 823
53   1    34    9 2 0 1382 1494 942 229 674 221 170 407 803
53   1    35    10 2 0 1440 1557 985 233 687 225 175 413 832
53   1    36    11 2 0 1575 1667 1105 285 756 249 185 467 903
53   1    37    12 2 0 1462 1516 1016 255 687 223 190 432 873
53   1    38    13 2 0 1559 1650 1087 282 734 245 182 462 920
53   1    39    14 2 0 1507 1590 1043 -9999 700 255 175 446 -9999
53   1    40    15 2 0 1546 1621 1072 275 729 238 180 445 914
53   1    41    16 2 0 1512 1567 1052 287 695 251 183 439 885
53   1    42    17 2 0 1400 1501 1041 267 731 242 167 440 878
53   1    43    1 1 0 249 227 531 153 88 1086 131 179 591
53   1    44    2 1 0 233 248 632 141 100 1158 148 181 643
53   1    45    3 1 0 244 240 575 144 107 1131 116 169 610
53   1    46    4 1 0 224 242 568 116 79 1090 132 189 594
53   1    47    5 1 0 241 252 607 120 99 1175 131 197 654
53   1    48    6 1 0 234 185 462 188 90 901 101 138 476
53   1    49    7 1 0 237 238 577 149 101 1084 124 168 578
53   1    50    8 1 0 240 245 614 128 91 1149 129 175 628
53   1    51    9 1 0 248 219 584 151 117 1069 121 159 578
53   1    52    10 1 0 227 268 659 103 94 1240 132 196 683
53   1    53    11 1 0 251 284 699 86 79 1345 148 232 772
53   1    54    12 1 0 236 249 628 107 85 1179 132 180 652
53   1    55    13 1 0 251 281 692 82 125 1309 145 210 712
53   1    56    14 1 0 258 288 764 104 81 1443 157 222 731
53   1    57    15 1 0 234 282 673 81 75 1339 135 207 692
53   1    58    16 1 0 249 258 702 57 109 1361 140 208 713
53   1    59    17 1 0 261 314 710 81 104 1377 137 206 754
53   1    60    18 1 0 250 299 674 115 107 1253 142 194 688
53   1    61    19 1 0 246 287 691 82 89 1293 137 213 722
53   1    62    20 1 0 243 306 695 83 130 -9999 138 183 701
53   1    63    21 1 0 277 350 780 84 116 1539 163 238 795
53   1    64    22 1 0 273 265 736 121 83 -9999 159 227 770
53   1    65    23 1 0 252 330 784 21 89 1530 152 232 829
53   1    66    24 1 0 239 315 765 39 137 1526 138 218 776
53   1    67    25 1 0 233 347 798 41 100 1547 140 243 842
53   1    68    1 2 0 221 201 497 203 82 933 106 154 533
53   1    69    2 2 0 226 220 569 164 72 1059 113 164 578
53   1    70    3 2 0 256 234 613 148 106 1197 129 173 651
53   1    71    4 2 0 249 228 605 147 99 1131 126 167 621
53   1    72    5 2 0 233 264 664 131 94 1215 139 200 660
53   1    73    6 2 0 240 288 665 125 104 1202 147 192 676
53   1    74    7 2 0 235 247 615 129 100 1176 128 171 638
53   1    75    8 2 0 238 242 589 125 99 1198 128 169 649
53   1    76    9 2 0 210 222 599 101 106 1151 122 176 629
53   1    77    10 2 0 229 265 646 121 88 1214 130 195 668
53   1    78    11 2 0 233 301 722 104 117 1324 147 198 731
53   1    79    12 2 0 222 286 663 135 105 1258 131 205 688
53   1    80    13 2 0 248 258 699 103 70 1355 149 193 724
53   1    81    14 2 0 236 264 644 112 91 1257 139 215 681
53   1    82    15 2 0 251 272 672 80 93 1344 137 204 735
53   1    83    16 2 0 235 271 646 82 67 1297 135 203 709
53   1    84    17 2 0 234 259 688 123 130 1265 137 175 684
53   1    85    18 2 0 1464 1573 1037 286 717 258 182 450 848
53   1    86    19 2 0 1491 1578 1028 259 682 253 177 455 875
53   1    87    20 2 0 1530 1576 1037 276 704 241 191 449 910
53   1    88    21 2 0 1570 1618 1064 294 725 261 160 455 894
53   1    89    22 2 0 1607 1647 1118 276 741 261 184 475 911
53   1    90    23 2 0 1558 1646 1087 -9999 740 232 177 478 908
53   1    91    24 2 0 1589 1750 1128 311 811 289 187 479 911
53   1    92    25 2 0 1548 1663 1079 265 784 251 206 457 907
53   1    93    1 1 1 -9999 1493 980 -9999 635 236 161 394 798
53   1    94    2 1 1 1299 1345 895 219 565 204 163 385 764
53   1    95    3 1 1 1337 1395 910 234 562 216 145 404 794
53   1    96    4 1 1 1372 1456 920 -9999 580 225 156 420 814
53   1    97    5 1 1 1336 1441 903 185 596 220 151 414 788
53   1    98    6 1 1 1301 1387 888 225 579 219 157 411 787
53   1    99    7 1 1 1360 1467 915 -9999 636 201 158 406 813
53   1   100    8 1 1 1276 1351 824 -9999 559 213 134 408 766
53   1   101    9 1 1 1351 -9999 921 -9999 615 228 180 424 833
53   1   102    10 1 1 1613 1726 1136 269 740 234 180 496 883
53   1   103    11 1 1 1542 1628 1020 213 677 237 187 455 885
53   1   104    12 1 1 1440 1580 972 248 675 217 158 399 815
53   1   105    13 1 1 1474 1555 989 239 629 211 170 433 888
53   1   106    14 1 1 1503 1603 1031 259 692 238 152 454 825
53   1   107    15 1 1 1597 1653 1060 -9999 710 221 178 470 908
53   1   108    16 1 1 1671 1689 1130 248 730 281 191 495 892
53   1   109    17 1 1 1673 1720 1140 -9999 763 292 299 497 946
53   1   110    18 1 1 1458 1588 969 -9999 686 251 183 435 836
53   1   111    19 1 1 1568 1689 1086 290 717 231 183 450 900
53   1   112    20 1 1 1650 1707 1173 319 737 275 200 523 943
53   1   113    21 1 1 1774 1838 1210 281 816 275 198 547 994
53   1   114    22 1 1 1893 1945 1315 267 893 260 213 499 994
53   1   115    23 1 1 1765 1781 1240 295 766 261 192 476 978
53   1   116    1 2 1 1030 1121 665 174 454 141 124 303 640
53   1   117    2 2 1 1389 1486 931 245 625 203 152 411 801
53   1   118    3 2 1 1263 1372 857 225 587 203 146 400 782
53   1   119    4 2 1 1067 1167 702 -9999 474 151 121 320 683
53   1   120    5 2 1 1379 1500 947 -9999 676 222 160 427 801
53   1   121    6 2 1 1335 1407 900 -9999 586 189 136 397 899
53   1   122    7 2 1 1282 -9999 835 172 -9999 186 165 385 785
53   1   123    8 2 1 1413 1490 962 244 630 235 170 430 834
53   1   124    9 2 1 1470 1583 1000 211 690 242 166 451 855
53   1   125    10 2 1 1377 1479 923 -9999 630 239 162 452 874
53   1   126    11 2 1 1464 1539 971 246 663 196 165 411 821
53   1   127    18 2 0 205 262 625 70 118 1235 124 180 659
53   1   128    19 2 0 244 288 647 114 111 1290 148 194 706
53   1   129    20 2 0 243 271 -9999 193 101 1321 143 218 741
53   1   130    21 2 0 212 302 684 74 103 1355 141 206 706
53   1   131    22 2 0 222 306 699 95 97 1370 139 218 733
53   1   132    23 2 0 205 320 704 28 93 1394 131 182 733
53   1   133    24 2 0 238 326 716 122 90 1366 129 174 715
53   1   134    25 2 0 244 282 687 100 119 1314 126 198 706
53   1   135    1 1 1 242 269 589 135 85 1160 125 170 659
53   1   136    2 1 1 235 215 542 153 93 1054 118 156 556
53   1   137    3 1 1 272 236 577 154 102 1094 122 158 625
53   1   138    4 1 1 230 250 589 124 88 1110 136 179 636
53   1   139    5 1 1 245 240 574 156 95 1083 133 178 623
53   1   140    6 1 1 231 229 582 113 78 1115 123 164 616
53   1   141    7 1 1 226 261 570 138 76 1102 123 171 603
53   1   142    8 1 1 212 235 533 129 91 -9999 112 159 608
53   1   143    9 1 1 231 275 640 136 100 1117 135 194 654
53   1   144    10 1 1 246 302 -9999 75 103 1365 148 184 745
53   1   145    11 1 1 242 247 -9999 94 100 1249 148 190 709
53   1   146    12 1 1 227 234 647 129 84 1213 131 186 634
53   1   147    13 1 1 251 253 662 134 91 1225 144 205 716
53   1   148    14 1 1 220 268 638 83 95 1264 141 203 712
53   1   149    15 1 1 243 294 -9999 104 107 -9999 146 194 761
53   1   150    16 1 1 236 306 -9999 62 78 1357 138 208 770
53   1   151    17 1 1 270 318 709 107 120 1361 153 196 755
53   1   152    18 1 1 239 243 624 115 105 1181 128 192 676
53   1   153    19 1 1 252 318 694 18 98 1337 140 194 759
53   1   154    20 1 1 268 -9999 744 72 90 1395 146 184 768
53   1   155    21 1 1 275 368 753 56 80 1482 146 227 794
53   1   156    22 1 1 234 345 754 13 92 1568 163 216 824
53   1   157    23 1 1 220 313 726 38 95 1503 159 211 775
53   1   158    1 2 1 202 -9999 435 216 96 856 101 132 473
53   1   159    2 2 1 245 242 587 125 114 1164 123 166 645
53   1   160    3 2 1 232 237 554 170 113 1055 120 166 580
53   1   161    4 2 1 215 193 475 209 76 894 103 134 511
53   1   162    5 2 1 236 248 607 129 107 1125 130 171 631
53   1   163    6 2 1 233 -9999 603 159 72 1132 129 197 619
53   1   164    7 2 1 233 235 -9999 157 60 1070 132 182 612
53   1   165    8 2 1 240 271 626 88 96 1198 132 191 665
53   1   166    9 2 1 249 271 634 129 80 1209 138 210 708
53   1   167    10 2 1 283 256 -9999 148 95 1136 129 190 679
53   1   168    11 2 1 236 237 645 138 83 1219 143 188 702
53   1   169    12 2 1 1452 1592 973 236 694 236 176 461 855
53   1   170    13 2 1 1444 1552 972 217 667 261 156 467 869
53   1   171    14 2 1 1487 1586 1002 242 681 240 171 439 822
53   1   172    15 2 1 1515 1617 1036 -9999 712 217 153 440 854
53   1   173    16 2 1 1536 1620 1070 255 716 242 165 455 894
53   1   174    17 2 1 1499 1606 1028 275 699 254 177 439 835
53   1   175    18 2 1 1505 1569 1042 220 703 207 164 433 843
53   1   176    19 2 1 1519 1594 1066 259 704 238 184 430 865
53   1   177    20 2 1 1566 1606 1046 227 669 238 198 450 882
53   1   178    21 2 1 1509 1601 1023 256 693 228 183 434 828
53   1   179    22 2 1 1553 1607 1059 235 675 259 203 484 882
53   1   180    23 2 1 1660 1701 1171 300 769 253 188 482 960
53   1   181    24 2 1 1719 1757 1190 275 800 245 194 492 939
53   1   182    25 2 1 1688 1720 1188 285 798 235 183 459 893
53   1   183    1 1 2 1382 1493 928 230 573 231 169 427 861
53   1   184    2 1 2 1438 1481 976 250 566 218 173 428 912
53   1   185    3 1 2 1304 1408 959 261 525 200 176 413 889
53   1   186    4 1 2 1391 1430 950 256 551 202 176 421 886
53   1   187    5 1 2 1716 1688 1158 249 698 247 192 471 972
53   1   188    6 1 2 1530 1578 1046 259 638 208 185 452 929
53   1   189    7 1 2 1625 1630 1132 274 658 234 193 470 939
53   1   190    8 1 2 1559 1567 1069 243 630 216 196 461 955
53   1   191    9 1 2 1578 1566 1094 263 628 237 203 472 953
53   1   192    10 1 2 1562 1580 1076 295 638 240 177 455 925
53   1   193    11 1 2 1656 1640 1146 280 624 226 194 500 969
53   1   194    12 1 2 1477 1486 1001 244 590 206 155 402 867
53   1   195    13 1 2 1568 1601 1095 262 628 250 205 504 932
53   1   196    14 1 2 1656 1646 1142 297 656 232 198 471 947
53   1   197    15 1 2 1619 1678 1106 256 719 253 193 473 946
53   1   198    16 1 2 1687 1692 1153 260 687 263 204 491 986
53   1   199    17 1 2 1748 1731 1212 282 700 262 243 494 1000
53   1   200    18 1 2 1783 1788 1243 303 746 275 239 503 972
53   1   201    19 1 2 1745 1738 1235 304 715 246 237 513 1070
53   1   202    20 1 2 1680 1668 1151 293 685 255 224 479 1032
53   1   203    21 1 2 1653 1701 1151 299 734 239 215 490 1004
53   1   204    22 1 2 1732 1702 1200 328 708 255 230 496 990
53   1   205    23 1 2 1729 1694 1199 303 691 259 229 494 1015
53   1   206    24 1 2 1711 1695 1191 291 699 233 221 461 989
53   1   207    25 1 2 1834 1823 1247 320 737 278 280 535 1090
53   1   208    1 2 2 1271 1334 859 211 503 171 152 381 824
53   1   209    2 2 2 1329 1375 885 229 549 197 172 396 838
53   1   210    3 2 2 1248 1286 827 236 494 196 154 380 804
53   1   211    12 2 1 261 240 656 140 87 1210 143 194 695
53   1   212    13 2 1 262 251 650 176 105 1194 138 197 704
53   1   213    14 2 1 245 290 656 112 108 1237 127 187 679
53   1   214    15 2 1 245 271 641 101 90 1245 132 196 729
53   1   215    16 2 1 222 326 625 87 85 1287 135 196 692
53   1   216    17 2 1 254 264 650 112 91 1243 125 200 668
53   1   217    18 2 1 230 266 629 127 88 1228 136 194 709
53   1   218    19 2 1 238 273 645 70 121 1275 131 192 689
53   1   219    20 2 1 268 267 656 135 114 1296 142 219 699
53   1   220    21 2 1 240 256 638 120 107 1248 129 198 692
53   1   221    22 2 1 239 294 698 140 117 1314 135 212 722
53   1   222    23 2 1 247 320 695 86 126 1430 154 205 770
53   1   223    24 2 1 270 333 705 65 97 1450 154 240 813
53   1   224    25 2 1 247 312 -9999 73 95 1415 138 220 760
53   1   225    1 1 2 261 250 618 151 98 1162 133 186 640
53   1   226    2 1 2 249 261 619 172 86 1220 147 193 655
53   1   227    3 1 2 253 250 -9999 138 96 1187 151 196 700
53   1   228    4 1 2 260 252 646 140 106 1187 146 202 688
53   1   229    5 1 2 290 300 687 189 88 1450 160 236 799
53   1   230    6 1 2 243 265 667 134 104 1315 144 201 750
53   1   231    7 1 2 240 283 685 144 102 -9999 151 200 734
53   1   232    8 1 2 230 280 678 110 95 -9999 156 212 760
53   1   233    9 1 2 254 294 687 172 93 -9999 146 207 772
53   1   234    10 1 2 243 272 675 118 80 1320 154 217 753
53   1   235    11 1 2 235 314 738 114 92 1422 166 227 805
53   1   236    12 1 2 242 268 639 160 88 1245 147 185 672
53   1   237    13 1 2 265 290 719 115 96 1367 159 223 777
53   1   238    14 1 2 217 309 721 104 75 -9999 149 207 778
53   1   239    15 1 2 242 276 689 119 94 1369 159 215 765
53   1   240    16 1 2 240 288 735 111 104 1412 157 227 823
53   1   241    17 1 2 236 340 735 129 98 -9999 166 239 859
53   1   242    18 1 2 207 330 764 80 105 -9999 159 226 841
53   1   243    19 1 2 258 328 744 149 96 1502 167 239 853
53   1   244    20 1 2 213 337 728 78 76 1466 158 214 835
53   1   245    21 1 2 239 319 742 126 94 1408 169 209 836
53   1   246    22 1 2 233 312 703 106 87 1474 158 239 822
53   1   247    23 1 2 222 322 737 125 117 -9999 161 222 799
53   1   248    24 1 2 210 308 751 60 73 1452 154 215 815
53   1   249    25 1 2 262 371 770 151 100 1555 156 271 880
53   1   250    1 2 2 240 216 563 199 70 1078 130 181 634
53   1   251    2 2 2 214 239 587 153 79 1103 133 182 666
53   1   252    3 2 2 230 227 574 169 72 1046 131 170 616
53   1   253    4 2 2 1271 1355 855 212 522 190 138 374 799
53   1   254    5 2 2 1317 1311 891 198 497 167 152 390 807
53   1   255    6 2 2 1356 1387 926 214 554 195 160 392 837
53   1   256    7 2 2 1250 1327 859 249 532 232 176 421 830
53   1   257    8 2 2 1048 1145 693 -9999 434 167 131 337 725
53   1   258    9 2 2 1363 1430 926 227 578 217 167 408 844
53   1   259    10 2 2 1389 1415 944 230 574 212 172 405 822
53   1   260    11 2 2 1370 1424 934 248 571 205 171 408 859
53   1   261    12 2 2 1405 1426 956 212 571 199 182 407 868
53   1   262    13 2 2 1428 1430 977 252 570 214 162 437 880
53   1   263    14 2 2 1456 1489 992 245 602 219 188 427 878
53   1   264    15 2 2 1395 1426 942 240 571 222 182 430 853
53   1   265    16 2 2 1385 1399 945 215 553 191 156 386 827
53   1   266    17 2 2 1441 1449 984 -9999 568 221 166 435 879
53   1   267    18 2 2 1464 1496 1008 226 636 230 183 436 897
53   1   268    19 2 2 1486 1483 1019 287 603 213 180 442 927
53   1   269    20 2 2 1499 1511 -9999 255 699 212 190 435 936
53   1   270    21 2 2 1485 1500 1016 277 552 205 203 454 919
53   1   271    22 2 2 1468 1536 996 264 667 222 190 431 951
53   1   272    23 2 2 1510 1546 1043 264 656 218 197 423 891
53   1   273    24 2 2 1526 1512 1052 281 625 250 201 470 934
53   1   274    25 2 2 1570 1583 987 285 646 244 198 482 984
53   1   275    A 1 0 1899 1925 1327 306 905 310 265 560 1067 -9999
53   1   276    B 1 2 1848 -9999 1276 -9999 751 287 257 -9999 1045
53   1   277    C 2 2 1115 -9999 748 182 -9999 -9999 178 311 756
53   1   278    4 2 2 247 215 585 167 90 1058 132 179 629
53   1   279    5 2 2 226 237 609 155 93 1073 130 178 648
53   1   280    6 2 2 220 245 611 181 85 1140 135 188 657
53   1   281    7 2 2 274 266 -9999 214 80 1067 127 176 639
53   1   282    8 2 2 217 173 481 198 61 880 108 152 511
53   1   283    9 2 2 234 249 603 153 73 1163 129 194 654
53   1   284    10 2 2 241 241 612 170 73 1163 139 191 641
53   1   285    11 2 2 246 235 623 154 98 1152 143 194 689
53   1   286    12 2 2 235 250 -9999 167 107 1176 134 194 683
53   1   287    13 2 2 248 263 620 170 83 1179 140 189 650
53   1   288    14 2 2 235 253 657 118 78 -9999 141 193 717
53   1   289    15 2 2 228 259 650 138 79 1199 148 202 700
53   1   290    16 2 2 217 247 585 137 98 1156 134 190 642
53   1   291    17 2 2 231 257 635 160 82 1233 142 185 700
53   1   292    18 2 2 234 264 646 172 78 1263 150 216 715
53   1   293    19 2 2 230 274 649 139 97 1291 157 217 737
53   1   294    20 2 2 256 278 642 200 118 1291 150 200 740
53   1   295    21 2 2 225 278 676 122 74 1260 148 194 751
53   1   296    22 2 2 217 305 650 178 82 1287 141 199 736
53   1   297    23 2 2 190 270 651 78 87 1337 158 210 747
53   1   298    24 2 2 236 289 680 145 106 1334 153 211 739
53   1   299    25 2 2 253 291 699 188 103 1354 153 223 807
53   1   300    A 1 0 -9999 -9999 770 46 108 1648 174 257 880
53   1   301    B 1 2 266 -9999 -9999 -9999 128 1583 -9999 -9999 843
53   1   302    C 2 2 226 -9999 -9999 -9999 48 1009 -9999 204 593
