55   1     1    DU 1 4 7 2 1 0 0 0
55   1     2    DU 2 1 10 0 0 0 0 2
55   1     3    DU 3 1 12 0 0 0 0 3
55   1     4    DU 4 7 6 0 3 0 0 0
55   1     5    NW 1 2 4 0 4 0 0 0
55   1     6    NW 2 1 5 4 1 0 0 0
55   1     7    NW 3 9 0 0 1 0 0 0
55   1     8    NW 4 12 0 0 2 0 0 0
55   1     9    NM 1 2 4 0 0 1 0 0
55   1    10    NM 2 4 1 0 2 0 0 0
55   1    11    NM 3 0 1 0 1 7 0 0
55   1    12    NM 4 5 5 0 0 1 0 0
55   1    13    NM 5 0 2 0 1 2 0 0
55   1    14    NE 1 13 2 0 0 0 0 0
55   1    15    NE 2 11 0 0 0 0 0 0
55   1    16    NE 3 13 0 0 0 0 0 0
55   1    17    NE 4 13 0 0 0 0 0 0
55   1    18    NE 5 9 2 0 0 0 0 0
55   1    19    LW 1 2 2 5 0 0 0 0
55   1    20    LW 2 7 0 2 0 0 0 0
55   1    21    LW 3 2 1 5 0 0 0 0
55   1    22    LW 4 7 0 3 0 0 0 0
55   1    23    LW 5 3 2 5 0 0 0 0
55   1    24    LW 6 2 9 0 0 0 0 0
55   1    25    DW 1 0 3 4 0 0 0 0
55   1    26    DW 2 0 0 8 0 0 0 0
55   1    27    DW 3 0 4 1 0 0 1 2
55   1    28    DW 4 6 0 0 0 0 0 0
55   1    29    DW 5 5 2 0 0 0 0 0
55   1    30    DW 6 2 8 0 0 0 0 0
55   1    31    RC 1 4 0 0 2 0 1 0
55   1    32    RC 2 4 0 0 7 0 2 0
55   1    33    RC 3 3 0 0 0 6 2 0
55   1    34    RC 4 2 0 0 7 0 3 0
55   1    35    RC 5 2 3 0 2 0 2 0
55   1    36    WR 1 5 1 0 1 0 0 0
55   1    37    WR 2 10 3 0 0 0 0 0
55   1    38    WR 3 10 3 0 0 0 0 0
55   1    39    WR 4 4 2 0 0 0 1 0
55   1    40    WR 5 3 4 1 1 0 3 1
