58   1     1    DBAN 1 1 111 42 4.96
58   1     2    DBAN 1 2 000 41 3.94
58   1     3    DBAN 1 3 311 49 6.35
58   1     4    DBAN 1 4 202 48 5.56
58   1     5    DBAN 1 5 111 45 5.36
58   1     6    DBAN 1 6 220 46 6.18
58   1     7    DBAN 1 7 113 42 4.71
58   1     8    DBAN 1 8 131 44 6.03
58   1     9    DBAN 1 9 022 42 2.88
58   1    10    DBAN 2 10 222 44 5.68
58   1    11    DBAN 2 11 311 42 5.80
58   1    12    DBAN 2 12 020 42 4.16
58   1    13    DBAN 2 13 200 46 4.90
58   1    14    DBAN 2 14 111 44 5.25
58   1    15    DBAN 2 15 131 48 5.80
58   1    16    DBAN 2 16 002 46 2.18
58   1    17    DBAN 2 17 111 48 4.36
58   1    18    DBAN 2 18 113 45 4.36
58   1    19    DBAN 3 19 131 43 4.81
58   1    20    DBAN 3 20 111 47 5.19
58   1    21    DBAN 3 21 311 47 5.96
58   1    22    DBAN 3 22 000 45 3.88
58   1    23    DBAN 3 23 220 50 5.72
58   1    24    DBAN 3 24 022 44 2.51
58   1    25    DBAN 3 25 111 47 4.94
58   1    26    DBAN 3 26 113 44 3.70
58   1    27    DBAN 3 27 202 40 2.77
58   1    28    DBAN 4 28 111 41 4.34
58   1    29    DBAN 4 29 200 45 4.33
58   1    30    DBAN 4 30 111 41 4.68
58   1    31    DBAN 4 31 113 46 4.76
58   1    32    DBAN 4 32 131 47 5.24
58   1    33    DBAN 4 33 020 42 1.86
58   1    34    DBAN 4 34 222 41 3.84
58   1    35    DBAN 4 35 002 41 1.36
58   1    36    DBAN 4 36 311 36 3.98
58   1    37    LFAN 1 1 111 37 2.92
58   1    38    LFAN 1 2 022 36 1.68
58   1    39    LFAN 1 3 113 42 4.50
58   1    40    LFAN 1 4 220 41 4.74
58   1    41    LFAN 1 5 202 40 4.44
58   1    42    LFAN 1 6 311 44 4.66
58   1    43    LFAN 1 7 111 44 2.94
58   1    44    LFAN 1 8 000 44 1.60
58   1    45    LFAN 1 9 131 38 1.82
58   1    46    LFAN 2 10 113 39 4.44
58   1    47    LFAN 2 11 222 40 5.78
58   1    48    LFAN 2 12 311 46 6.24
58   1    49    LFAN 2 13 111 47 5.40
58   1    50    LFAN 2 14 200 46 5.62
58   1    51    LFAN 2 15 002 35 1.72
58   1    52    LFAN 2 16 131 43 4.42
58   1    53    LFAN 2 17 111 46 4.14
58   1    54    LFAN 2 18 020 40 3.94
58   1    55    LFAN 3 19 220 41 5.00
58   1    56    LFAN 3 20 202 46 5.26
58   1    57    LFAN 3 21 000 36 2.90
58   1    58    LFAN 3 22 111 43 4.94
58   1    59    LFAN 3 23 113 45 4.43
58   1    60    LFAN 3 24 311 47 5.42
58   1    61    LFAN 3 25 022 34 1.22
58   1    62    LFAN 3 26 111 42 3.72
58   1    63    LFAN 3 27 131 41 3.70
58   1    64    LFAN 4 28 131 46 5.61
58   1    65    LFAN 4 29 111 45 6.02
58   1    66    LFAN 4 30 020 45 3.18
58   1    67    LFAN 4 31 311 47 6.07
58   1    68    LFAN 4 32 002 38 1.48
58   1    69    LFAN 4 33 222 47 5.94
58   1    70    LFAN 4 34 111 42 3.58
58   1    71    LFAN 4 35 200 39 3.95
58   1    72    LFAN 4 36 113 44 3.38
58   1    73    TEAN 1 1 113 32 1.27
58   1    74    TEAN 1 2 111 29 2.10
58   1    75    TEAN 1 3 022 46 2.37
58   1    76    TEAN 1 4 202 28 2.08
58   1    77    TEAN 1 5 000 31 1.74
58   1    78    TEAN 1 6 131 39 3.16
58   1    79    TEAN 1 7 220 42 4.55
58   1    80    TEAN 1 8 111 36 3.20
58   1    81    TEAN 1 9 311 35 3.69
58   1    82    TEAN 2 10 200 28 1.52
58   1    83    TEAN 2 11 311 30 2.02
58   1    84    TEAN 2 12 222 29 1.97
58   1    85    TEAN 2 13 020 29 1.94
58   1    86    TEAN 2 14 131 30 2.01
58   1    87    TEAN 2 15 111 35 2.18
58   1    88    TEAN 2 16 002 36 3.24
58   1    89    TEAN 2 17 113 39 3.91
58   1    90    TEAN 2 18 111 48 4.20
58   1    91    TEAN 3 19 111 34 2.57
58   1    92    TEAN 3 20 202 37 2.88
58   1    93    TEAN 3 21 220 37 3.45
58   1    94    TEAN 3 22 000 42 2.89
58   1    95    TEAN 3 23 111 38 3.01
58   1    96    TEAN 3 24 113 39 2.87
58   1    97    TEAN 3 25 311 35 3.25
58   1    98    TEAN 3 26 131 41 3.92
58   1    99    TEAN 3 27 022 28 0.88
58   1   100    TEAN 4 28 311 25 1.14
58   1   101    TEAN 4 29 111 43 3.61
58   1   102    TEAN 4 30 113 42 3.05
58   1   103    TEAN 4 31 002 44 3.41 
58   1   104    TEAN 4 32 222 48 4.46
58   1   105    TEAN 4 33 200 41 4.36
58   1   106    TEAN 4 34 111 39 3.42
58   1   107    TEAN 4 35 131 28 1.06
58   1   108    TEAN 4 36 020 -9999 -9999
58   1   109    WEAN 1 1 000 48 4.02
58   1   110    WEAN 1 2 311 47 5.80
58   1   111    WEAN 1 3 202 32 2.16
58   1   112    WEAN 1 4 220 43 5.31
58   1   113    WEAN 1 5 111 42 5.12
58   1   114    WEAN 1 6 131 45 5.98
58   1   115    WEAN 1 7 113 46 5.46
58   1   116    WEAN 1 8 022 43 3.45
58   1   117    WEAN 1 9 111 45 4.96
58   1   118    WEAN 2 10 111 46 4.26
58   1   119    WEAN 2 11 131 48 6.35
58   1   120    WEAN 2 12 020 47 4.28
58   1   121    WEAN 2 13 111 41 4.94
58   1   122    WEAN 2 14 311 38 4.39
58   1   123    WEAN 2 15 002 44 3.92
58   1   124    WEAN 2 16 113 43 5.74
58   1   125    WEAN 2 17 200 46 4.98
58   1   126    WEAN 2 18 222 44 5.40
58   1   127    WEAN 3 19 111 45 6.10
58   1   128    WEAN 3 20 113 45 5.86
58   1   129    WEAN 3 21 022 47 4.59
58   1   130    WEAN 3 22 311 36 4.36
58   1   131    WEAN 3 23 000 41 4.16
58   1   132    WEAN 3 24 111 46 6.58
58   1   133    WEAN 3 25 220 38 5.11
58   1   134    WEAN 3 26 131 48 5.96
58   1   135    WEAN 3 27 202 36 3.45
58   1   136    WEAN 4 28 020 43 5.77
58   1   137    WEAN 4 29 111 46 6.60
58   1   138    WEAN 4 30 200 43 3.88
58   1   139    WEAN 4 31 222 34 4.04
58   1   140    WEAN 4 32 002 32 2.76
58   1   141    WEAN 4 33 311 42 6.31
58   1   142    WEAN 4 34 131 38 5.28
58   1   143    WEAN 4 35 113 44 4.61
58   1   144    WEAN 4 36 111 46 5.65
58   1   145    WLAN 1 1 000 58 2.00
58   1   146    WLAN 1 2 113 56 2.39
58   1   147    WLAN 1 3 131 52 2.04
58   1   148    WLAN 1 4 202 44 1.64
58   1   149    WLAN 1 5 220 45 1.83
58   1   150    WLAN 1 6 111 47 2.08
58   1   151    WLAN 1 7 022 55 3.13
58   1   152    WLAN 1 8 111 53 1.96
58   1   153    WLAN 1 9 311 43 1.30
58   1   154    WLAN 2 10 311 68 2.16
58   1   155    WLAN 2 11 002 40 1.74
58   1   156    WLAN 2 12 111 58 2.46
58   1   157    WLAN 2 13 200 44 2.17
58   1   158    WLAN 2 14 020 42 2.72
58   1   159    WLAN 2 15 113 55 2.07
58   1   160    WLAN 2 16 111 54 2.87
58   1   161    WLAN 2 17 222 48 2.14
58   1   162    WLAN 2 18 131 38 1.45
58   1   163    WLAN 3 19 311 69 2.05
58   1   164    WLAN 3 20 022 60 2.44
58   1   165    WLAN 3 21 111 50 2.88
58   1   166    WLAN 3 22 000 40 2.28
58   1   167    WLAN 3 23 111 51 3.44
58   1   168    WLAN 3 24 113 54 2.56
58   1   169    WLAN 3 25 202 41 2.41
58   1   170    WLAN 3 26 131 53 3.24
58   1   171    WLAN 3 27 220 51 1.66
58   1   172    WLAN 4 28 200 57 1.76
58   1   173    WLAN 4 29 113 55 2.84
58   1   174    WLAN 4 30 002 39 2.25
58   1   175    WLAN 4 31 131 63 2.73
58   1   176    WLAN 4 32 111 48 3.55
58   1   177    WLAN 4 33 311 51 3.13
58   1   178    WLAN 4 34 020 39 2.41
58   1   179    WLAN 4 35 111 43 3.49
58   1   180    WLAN 4 36 222 56 1.96
58   1   181    NSAN 1 1 202 25 2.43
58   1   182    NSAN 1 2 111 13 1.28
58   1   183    NSAN 1 3 311 10 0.83
58   1   184    NSAN 1 4 131 24 2.44
58   1   185    NSAN 1 5 022 30 1.30
58   1   186    NSAN 1 6 000 25 1.34
58   1   187    NSAN 1 7 113 25 2.06
58   1   188    NSAN 1 8 220 32 3.02
58   1   189    NSAN 1 9 111 27 2.18
58   1   190    NSAN 2 10 131 26 2.35
58   1   191    NSAN 2 11 002 28 2.15
58   1   192    NSAN 2 12 111 36 3.24 
58   1   193    NSAN 2 13 020 34 2.78
58   1   194    NSAN 2 14 222 27 2.91
58   1   195    NSAN 2 15 111 32 3.10
58   1   196    NSAN 2 16 200 28 2.86
58   1   197    NSAN 2 17 113 32 3.33
58   1   198    NSAN 2 18 311 32 3.00
58   1   199    NSAN 3 19 022 32 2.75
58   1   200    NSAN 3 20 131 36 2.92
58   1   201    NSAN 3 21 000 28 1.70
58   1   202    NSAN 3 22 220 34 3.36
58   1   203    NSAN 3 23 111 30 1.58
58   1   204    NSAN 3 24 202 27 1.98
58   1   205    NSAN 3 25 311 39 2.90
58   1   206    NSAN 3 26 113 26 2.05
58   1   207    NSAN 3 27 111 24 1.40
58   1   208    NSAN 4 28 002 33 1.95
58   1   209    NSAN 4 29 111 29 2.34
58   1   210    NSAN 4 30 200 19 1.55
58   1   211    NSAN 4 31 222 22 1.73
58   1   212    NSAN 4 32 020 30 2.05
58   1   213    NSAN 4 33 131 33 3.44
58   1   214    NSAN 4 34 113 33 2.11
58   1   215    NSAN 4 35 311 35 3.22
58   1   216    NSAN 4 36 111 21 1.60
58   1   217    OVAN 1 1 111 28 2.04
58   1   218    OVAN 1 2 113 35 3.88
58   1   219    OVAN 1 3 311 38 5.53
58   1   220    OVAN 1 4 131 42 6.61
58   1   221    OVAN 1 5 000 31 2.97
58   1   222    OVAN 1 6 111 35 4.47
58   1   223    OVAN 1 7 220 26 4.06
58   1   224    OVAN 1 8 022 37 5.02
58   1   225    OVAN 1 9 202 38 4.56
58   1   226    OVAN 2 10 111 41 3.50
58   1   227    OVAN 2 11 020 37 4.58
58   1   228    OVAN 2 12 131 30 4.42
58   1   229    OVAN 2 13 200 47 6.16
58   1   230    OVAN 2 14 311 45 6.09
58   1   231    OVAN 2 15 113 38 4.94
58   1   232    OVAN 2 16 222 37 5.83
58   1   233    OVAN 2 17 111 37 5.05
58   1   234    OVAN 2 18 002 30 3.90
58   1   235    OVAN 3 19 131 35 3.92
58   1   236    OVAN 3 20 022 42 4.78
58   1   237    OVAN 3 21 111 40 5.26
58   1   238    OVAN 3 22 220 40 5.52
58   1   239    OVAN 3 23 111 42 5.87
58   1   240    OVAN 3 24 311 43 6.19
58   1   241    OVAN 3 25 000 39 5.26
58   1   242    OVAN 3 26 202 30 3.08
58   1   243    OVAN III 27 113 29 3.14
58   1   244    OVAN IV 28 222 45 4.56
58   1   245    OVAN IV 29 113 38 4.74
58   1   246    OVAN IV 30 311 38 5.32
58   1   247    OVAN IV 31 111 45 5.57
58   1   248    OVAN IV 32 002 26 1.69
58   1   249    OVAN IV 33 020 40 4.57
58   1   250    OVAN IV 34 131 38 6.18
58   1   251    OVAN IV 35 111 48 6.90
58   1   252    OVAN IV 36 200 33 3.93
58   1   253    ORAN I 1 113 43 5.26
58   1   254    ORAN I 2 111 44 6.87
58   1   255    ORAN I 3 202 44 7.78
58   1   256    ORAN I 4 311 41 6.75
58   1   257    ORAN I 5 022 44 6.56
58   1   258    ORAN I 6 131 42 6.47
58   1   259    ORAN I 7 111 41 6.71
58   1   260    ORAN I 8 220 41 6.74
58   1   261    ORAN I 9 000 45 6.92
58   1   262    ORAN II 10 002 36 3.75
58   1   263    ORAN II 11 020 35 3.56
58   1   264    ORAN II 12 113 38 5.45
58   1   265    ORAN II 13 311 40 7.55
58   1   266    ORAN II 14 111 40 7.20
58   1   267    ORAN II 15 222 44 6.48
58   1   268    ORAN II 16 200 41 7.36
58   1   269    ORAN II 17 131 41 7.18
58   1   270    ORAN II 18 111 48 7.53
58   1   271    ORAN III 19 000 36 5.74
58   1   272    ORAN III 20 311 44 7.52
58   1   273    ORAN III 21 220 46 7.87
58   1   274    ORAN III 22 111 43 6.39
58   1   275    ORAN III 23 113 46 7.04
58   1   276    ORAN III 24 111 40 6.48
58   1   277    ORAN III 25 131 47 7.56
58   1   278    ORAN III 26 202 46 6.87
58   1   279    ORAN III 27 022 41 6.12
58   1   280    ORAN IV 28 200 47 7.45
58   1   281    ORAN IV 29 111 45 6.75
58   1   282    ORAN IV 30 131 42 6.41
58   1   283    ORAN IV 31 020 37 5.28
58   1   284    ORAN IV 32 311 35 5.27
58   1   285    ORAN IV 33 002 46 7.28
58   1   286    ORAN IV 34 111 45 7.39
58   1   287    ORAN IV 35 222 43 6.61
58   1   288    ORAN IV 36 113 37 4.75
