61   1     1    8 1 1 0 0 0 7 0 3 0 0 3 0
61   1     2    3 1 1 7 1 1 1 0 0 1 1 3 0
61   1     3    124 1 1 0 0 0 1 0 0 0 0 3 0
61   1     4    123 1 1 2 2 7 2 0 0 2 0 3 0
61   1     5    120 1 2 0 2 0 7 0 0 0 0 3 0
61   1     6    2 1 2 0 1 7 7 2 1 2 0 3 0
61   1     7    275 1 2 0 0 0 0 0 0 0 0 3 0
61   1     8    122 1 3 0 0 0 0 0 0 0 0 3 0
61   1     9    4 1 3 0 0 0 2 0 0 0 0 3 0
61   1    10    125 1 4 1 1 2 1 0 0 2 0 3 0
61   1    11    6 1 4 0 0 0 0 2 0 0 2 3 0
61   1    12    119 1 5 7 7 7 0 0 2 2 0 3 0
61   1    13    187 1 5 2 2 0 1 2 0 0 0 3 0
61   1    14    5 1 5 0 0 0 0 2 2 2 0 3 0
61   1    15    121 1 6 7 7 7 7 2 7 0 2 3 0
61   1    16    10 1 6 7 0 0 0 0 0 0 0 3 0
61   1    17    9 1 6 0 0 0 0 2 2 2 1 3 0
61   1    18    11 1 7 7 0 0 0 0 0 0 0 3 0
61   1    19    118 1 7 0 0 0 0 2 2 1 2 3 0
61   1    20    117 1 7 7 7 7 7 7 0 0 0 3 0
61   1    21    1 1 8 0 0 0 0 0 0 0 0 3 0
61   1    22    188 1 8 2 1 1 2 1 2 2 1 3 0
61   1    23    126 1 8 2 0 0 7 2 0 0 0 3 0
61   1    24    7 1 8 7 7 1 7 2 2 0 0 3 0
61   1    25    183 1 9 0 7 0 0 6 7 7 2 3 0
61   1    26    182 1 9 1 0 1 1 2 2 0 0 3 0
61   1    27    181 1 9 0 0 0 0 7 0 2 0 3 0
61   1    28    16 2 1 7 0 0 0 0 0 7 0 3 0
61   1    29    15 2 2 7 7 2 7 0 0 0 0 3 0
61   1    30    14 2 3 0 0 0 0 0 0 0 0 3 0
61   1    31    13 2 4 0 0 0 0 0 0 0 0 3 0
61   1    32    12 2 5 7 7 7 7 0 0 0 0 3 0
61   1    33    189 2 6 0 0 0 0 0 0 0 0 3 0
61   1    34    19 2 6 0 0 2 0 0 0 0 0 3 0
61   1    35    17 2 8 0 2 0 0 0 0 0 0 3 0
61   1    36    190 2 8 0 0 0 0 0 0 0 0 3 0
61   1    37    96 2 9 7 0 0 0 0 7 0 0 3 0
61   1    38    194 3 1 0 0 0 0 6 6 6 6 3 0
61   1    39    26 3 1 0 0 0 0 0 0 2 0 3 0
61   1    40    193 3 2 0 2 0 2 0 0 0 0 3 0
61   1    41    25 3 2 0 0 0 0 0 0 0 0 3 0
61   1    42    191 3 3 0 0 0 0 0 0 0 0 3 0
61   1    43    20 3 3 1 0 0 1 0 0 0 0 3 0
61   1    44    27 3 4 7 7 7 7 0 0 0 0 3 0
61   1    45    23 3 5 0 2 0 0 0 0 0 0 3 0
61   1    46    21 3 6 7 7 7 7 0 0 0 0 3 0
61   1    47    192 3 6 0 0 0 0 0 0 0 0 3 0
61   1    48    22 3 7 0 0 0 0 0 0 0 0 3 0
61   1    49    24 3 8 2 1 0 0 1 1 0 0 3 0
61   1    50    184 3 9 0 0 6 0 0 0 0 0 3 0
61   1    51    138 4 1 0 0 1 0 0 0 0 1 2 1
61   1    52    205 4 1 3 0 0 3 0 0 2 0 2 1
61   1    53    213 4 1 1 0 1 0 0 7 1 0 2 1
61   1    54    212 4 1 2 0 1 7 0 0 1 7 2 1
61   1    55    31 4 1 0 0 0 0 0 0 0 0 2 1
61   1    56    142 4 1 7 7 7 7 0 0 0 0 2 1
61   1    57    133 4 2 0 0 0 0 0 0 0 0 2 1
61   1    58    40 4 2 0 3 3 0 0 0 0 0 2 1
61   1    59    217 4 2 0 1 0 0 0 0 0 0 2 1
61   1    60    208 4 2 0 0 0 1 0 0 0 0 2 1
61   1    61    206 4 2 0 0 0 0 0 0 0 0 2 1
61   1    62    200 4 3 3 0 0 3 0 2 2 7 2 1
61   1    63    35 4 3 2 2 7 2 7 0 7 7 2 1
61   1    64    32 4 3 0 0 0 0 0 0 0 0 2 1
61   1    65    26 4 3 7 7 7 2 0 0 0 0 2 1
61   1    66    135 4 3 0 0 0 7 0 0 0 0 2 1
61   1    67    203 4 3 7 2 0 0 0 0 0 0 2 1
61   1    68    34 4 4 0 0 7 0 0 0 7 0 2 1
61   1    69    41 4 4 0 3 0 3 2 0 0 0 2 1
61   1    70    198 4 4 0 0 0 0 0 0 6 6 2 1
61   1    71    204 4 4 3 0 7 3 0 0 0 0 2 1
61   1    72    210 4 4 2 7 7 7 0 0 0 0 2 1
61   1    73    29 4 4 0 0 0 0 0 0 0 0 2 1
61   1    74    209 4 5 0 0 0 0 0 0 0 0 2 1
61   1    75    207 4 5 0 0 0 0 0 0 0 0 2 1
61   1    76    36 4 5 0 6 0 0 0 7 0 0 2 1
61   1    77    33 4 5 0 0 0 0 0 0 0 0 2 1
61   1    78    214 4 5 7 2 0 0 0 0 0 0 2 1
61   1    79    199 4 5 2 2 2 2 0 0 0 0 2 1
61   1    80    215 4 6 1 0 0 1 0 0 0 0 2 1
61   1    81    211 4 6 0 0 0 7 0 0 0 2 2 1
61   1    82    140 4 6 0 7 0 0 2 0 2 0 2 1
61   1    83    201 4 6 0 0 0 0 0 0 0 0 2 1
61   1    84    216 4 6 0 1 1 1 0 0 0 2 2 1
61   1    85    30 4 7 2 0 0 0 0 6 0 0 2 1
61   1    86    37 4 7 0 0 0 2 0 2 0 6 2 1
61   1    87    202 4 8 0 0 0 3 7 0 0 0 2 1
61   1    88    141 4 8 7 0 7 2 0 0 0 0 2 1
61   1    89    139 4 8 0 7 7 0 0 0 7 0 2 1
61   1    90    137 4 8 1 1 7 0 1 1 0 0 2 1
61   1    91    136 4 8 0 7 2 0 0 0 0 0 2 1
61   1    92    134 4 8 2 2 2 2 0 0 0 0 2 1
61   1    93    143 4 9 2 3 3 1 0 3 3 1 2 1
61   1    94    97 4 9 7 7 7 2 0 7 1 2 2 1
61   1    95    98 4 9 7 0 2 0 0 0 2 0 2 1
61   1    96    39 4 9 0 0 0 0 0 0 7 7 2 1
61   1    97    38 4 9 0 0 0 0 0 6 6 2 2 1
61   1    98    185 4 9 2 3 3 1 0 3 3 1 2 1
61   1    99    46 5 1 0 0 0 0 0 7 0 2 3 0
61   1   100    43 5 1 3 0 3 3 0 2 0 0 3 0
61   1   101    230 5 1 7 7 7 0 0 0 0 0 3 0
61   1   102    226 5 2 0 0 6 6 7 0 0 7 3 0
61   1   103    225 5 2 0 0 0 7 0 0 0 2 3 0
61   1   104    49 5 2 2 2 3 3 0 0 0 0 3 0
61   1   105    47 5 3 0 0 0 0 0 0 0 6 3 0
61   1   106    224 5 3 0 0 0 7 0 0 0 0 3 0
61   1   107    219 5 3 7 7 7 7 0 0 0 0 3 0
61   1   108    144 5 4 7 0 0 7 0 0 0 0 3 0
61   1   109    42 5 4 1 3 1 1 6 0 0 0 3 0
61   1   110    44 5 5 7 0 0 7 0 2 2 7 3 0
61   1   111    223 5 5 3 0 0 0 0 0 2 2 3 0
61   1   112    229 5 5 0 3 3 0 0 2 2 0 3 0
61   1   113    228 5 6 7 7 0 0 0 0 0 0 3 0
61   1   114    221 5 6 0 2 0 0 0 2 0 0 3 0
61   1   115    48 5 6 1 1 3 2 0 0 0 0 3 0
61   1   116    220 5 7 1 1 1 0 0 0 0 0 3 0
61   1   117    45 5 8 3 0 0 0 0 0 0 0 3 0
61   1   118    218 5 8 7 7 3 7 0 0 0 0 3 0
61   1   119    222 5 8 0 0 0 7 0 0 0 0 3 0
61   1   120    227 5 8 0 0 0 0 0 0 0 2 3 0
61   1   121    99 5 9 7 2 7 3 0 3 7 3 3 0
61   1   122    186 5 9 7 0 1 7 0 0 1 0 3 0
61   1   123    100 5 9 2 7 2 0 0 7 0 0 3 0
61   1   124    52 6 1 7 7 7 7 0 0 0 0 2 1
61   1   125    50 6 1 0 0 0 0 0 0 0 0 2 1
61   1   126    151 6 2 0 2 0 0 2 7 0 0 2 1
61   1   127    146 6 2 7 7 0 0 0 0 0 0 2 1
61   1   128    236 6 2 7 3 3 3 0 0 7 7 2 1
61   1   129    234 6 3 0 0 0 3 0 2 0 0 2 1
61   1   130    235 6 3 0 2 0 7 0 0 0 0 2 1
61   1   131    150 6 4 7 0 0 0 0 0 0 0 2 1
61   1   132    231 6 4 0 2 0 0 0 0 0 0 2 1
61   1   133    147 6 4 3 3 3 3 0 0 0 0 2 1
61   1   134    152 6 5 0 0 0 0 0 0 0 0 2 1
61   1   135    51 6 6 7 7 0 1 0 0 0 0 2 1
61   1   136    154 6 6 0 0 0 0 0 0 0 0 2 1
61   1   137    233 6 6 3 0 0 7 0 0 1 0 2 1
61   1   138    232 6 7 0 7 0 0 0 0 0 0 2 1
61   1   139    148 6 7 0 0 0 0 0 0 0 0 2 1
61   1   140    149 6 8 7 0 7 0 0 0 0 0 2 1
61   1   141    153 6 8 2 7 7 7 0 0 0 7 2 1
61   1   142    145 6 8 3 3 3 3 0 7 0 0 2 1
61   1   143    101 6 9 7 0 0 0 2 0 7 7 2 1
61   1   144    102 6 9 0 0 2 2 0 0 7 7 2 1
61   1   145    58 7 1 7 0 0 0 0 0 0 0 4 1
61   1   146    244 7 2 7 0 0 0 0 7 0 0 4 1
61   1   147    156 7 2 0 0 0 0 0 0 0 2 4 1
61   1   148    59 7 3 0 0 0 0 0 0 0 0 4 1
61   1   149    157 7 3 0 0 0 0 0 0 0 0 4 1
61   1   150    245 7 4 7 0 0 0 2 0 7 0 4 1
61   1   151    60 7 4 0 0 0 0 0 0 0 0 4 1
61   1   152    155 7 5 3 2 0 3 0 0 0 0 4 1
61   1   153    54 7 6 0 0 0 0 0 0 0 0 4 1
61   1   154    56 7 6 2 0 2 3 2 0 0 0 4 1
61   1   155    246 7 7 0 0 0 0 0 0 0 0 4 1
61   1   156    53 7 8 0 0 0 0 0 0 0 2 4 1
61   1   157    247 7 8 0 0 0 0 0 0 0 0 4 1
61   1   158    55 7 8 7 0 0 0 0 0 2 0 4 1
61   1   159    61 7 8 0 0 0 0 0 0 0 0 4 1
61   1   160    103 7 9 0 0 0 0 1 0 0 0 4 1
61   1   161    57 7 9 0 0 0 0 7 0 0 7 4 1
61   1   162    158 8 1 0 0 0 0 0 0 0 0 4 0
61   1   163    63 8 2 0 0 0 0 0 0 0 0 4 1
61   1   164    160 8 3 0 0 7 7 0 7 7 7 4 0
61   1   165    161 8 4 0 0 0 0 0 0 0 0 4 0
61   1   166    62 8 5 0 0 0 0 0 0 0 0 4 0
61   1   167    159 8 6 7 0 0 7 0 0 0 0 4 0
61   1   168    64 8 7 7 0 0 7 0 0 0 0 4 0
61   1   169    69 9 1 2 3 3 3 2 0 0 0 2 0
61   1   170    165 9 1 3 3 3 3 2 2 2 0 2 0
61   1   171    163 9 2 2 1 7 7 1 1 0 1 2 0
61   1   172    65 9 2 3 2 3 3 2 2 2 1 2 0
61   1   173    250 9 3 7 7 7 7 0 1 1 2 2 0
61   1   174    67 9 4 0 1 6 3 0 0 0 0 2 0
61   1   175    251 9 5 7 7 3 7 1 1 1 1 2 0
61   1   176    68 9 5 1 3 7 1 2 2 2 0 2 0
61   1   177    252 9 6 7 7 7 7 0 2 1 1 2 0
61   1   178    164 9 6 2 1 1 1 0 0 0 0 2 0
61   1   179    66 9 7 0 3 3 3 0 0 0 0 2 0
61   1   180    249 9 8 0 7 7 0 0 0 0 0 2 0
61   1   181    70 9 8 0 7 1 0 0 2 2 0 2 0
61   1   182    71 9 9 0 0 0 0 0 0 0 0 2 0
61   1   183    73 10 1 0 0 0 0 0 0 7 0 2 1
61   1   184    253 10 1 0 0 0 0 0 0 2 0 2 1
61   1   185    254 10 2 0 0 0 0 0 0 0 7 2 1
61   1   186    167 10 2 2 2 2 2 0 0 0 0 2 1
61   1   187    74 10 2 3 0 0 0 0 0 0 0 2 1
61   1   188    169 10 3 7 3 7 3 0 2 7 0 2 1
61   1   189    77 10 3 2 2 0 2 0 2 0 2 2 1
61   1   190    72 10 4 1 0 0 0 0 0 0 0 2 1
61   1   191    265 10 4 7 3 7 7 0 0 2 0 2 1
61   1   192    255 10 5 2 2 0 0 0 7 6 0 2 1
61   1   193    76 10 5 0 0 0 2 0 0 2 0 2 1
61   1   194    75 10 6 0 0 0 0 0 0 0 0 2 1
61   1   195    267 10 6 7 0 0 7 0 0 0 0 2 1
61   1   196    168 10 6 7 0 0 1 0 0 0 0 2 1
61   1   197    166 10 6 0 0 3 0 0 0 3 0 2 1
61   1   198    80 10 7 0 0 0 2 0 7 0 0 2 1
61   1   199    79 10 7 1 0 3 7 0 0 0 0 2 1
61   1   200    170 10 8 0 0 0 0 0 0 0 0 2 1
61   1   201    264 10 8 7 7 7 3 0 0 0 0 2 1
61   1   202    256 10 8 0 0 0 0 0 3 0 0 2 1
61   1   203    78 10 8 6 7 2 0 6 7 0 7 2 1
61   1   204    266 10 9 7 7 7 7 0 7 7 7 2 1
61   1   205    269 11 1 7 0 7 7 1 0 2 0 1 1
61   1   206    81 11 1 7 7 7 2 0 0 0 0 1 1
61   1   207    89 11 1 0 0 0 0 2 0 0 0 1 1
61   1   208    87 11 2 0 0 0 7 0 0 0 0 1 1
61   1   209    270 11 2 0 0 0 0 0 0 3 0 1 1
61   1   210    178 11 2 0 7 7 1 0 0 0 0 1 1
61   1   211    84 11 3 0 0 0 7 0 0 0 2 1 1
61   1   212    273 11 4 0 0 0 0 0 0 0 3 1 1
61   1   213    85 11 4 7 7 2 7 0 0 0 0 1 1
61   1   214    82 11 5 7 7 7 7 0 0 0 0 1 1
61   1   215    274 11 5 1 7 7 7 0 2 2 1 1 1
61   1   216    86 11 6 7 7 7 7 0 0 3 0 1 1
61   1   217    268 11 6 7 0 0 0 0 0 0 0 1 1
61   1   218    179 11 6 3 7 3 3 1 1 3 1 1 1
61   1   219    88 11 6 7 0 2 7 0 0 0 0 1 1
61   1   220    271 11 7 7 0 1 7 0 0 0 0 1 1
61   1   221    272 11 8 7 7 7 7 0 0 0 7 1 1
61   1   222    180 11 8 3 0 0 3 0 0 2 0 1 1
61   1   223    177 11 8 7 0 7 0 0 0 7 0 1 1
61   1   224    83 11 8 7 0 0 2 0 0 0 0 1 1
61   1   225    104 11 9 7 7 0 7 7 7 0 7 1 1
61   1   226    92 12 1 0 0 2 1 1 0 0 1 1 1
61   1   227    162 12 2 0 2 0 2 0 0 0 0 1 1
61   1   228    94 12 3 7 7 7 7 2 0 0 0 1 1
61   1   229    91 12 6 2 2 2 0 0 0 0 0 1 1
61   1   230    90 12 7 7 1 7 7 0 1 0 2 1 1
61   1   231    93 12 8 7 0 7 0 0 0 0 0 1 1
61   1   232    248 12 8 0 0 7 1 0 0 0 1 1 1
61   1   233    95 12 9 2 1 0 0 1 1 0 0 1 1
61   1   234    258 13 1 0 3 0 0 0 0 0 0 3 1
61   1   235    172 13 1 7 1 0 3 0 7 0 0 3 1
61   1   236    261 13 2 7 0 0 3 0 0 0 0 3 1
61   1   237    260 13 2 7 7 7 1 6 0 0 0 3 1
61   1   238    262 13 2 0 1 0 2 0 0 0 0 3 1
61   1   239    173 13 3 7 7 0 7 0 0 0 0 3 1
61   1   240    263 13 4 0 2 7 7 0 0 0 0 3 1
61   1   241    105 13 5 2 0 0 0 0 0 0 0 3 1
61   1   242    176 13 6 7 0 0 0 0 0 0 0 3 1
61   1   243    175 13 6 7 7 0 3 0 0 0 0 3 1
61   1   244    257 13 7 0 0 0 0 0 0 0 0 3 1
61   1   245    259 13 8 0 0 0 0 0 0 2 0 3 1
61   1   246    171 13 8 1 0 0 1 0 0 1 1 3 1
61   1   247    174 13 9 0 0 0 3 0 0 0 0 3 1
61   1   248    113 14 1 7 7 0 7 0 0 1 0 3 1
61   1   249    108 14 1 0 0 0 0 0 0 0 0 3 1
61   1   250    128 14 2 7 7 0 7 0 0 0 0 3 1
61   1   251    111 14 3 7 7 7 7 0 0 0 0 3 1
61   1   252    110 14 5 7 7 1 7 2 0 0 0 3 1
61   1   253    109 14 6 7 7 7 7 0 7 7 7 3 1
61   1   254    127 14 7 3 0 0 0 0 0 0 7 3 1
61   1   255    107 14 7 0 0 0 0 0 0 0 0 3 1
61   1   256    106 14 8 0 0 0 7 0 0 0 0 3 1
61   1   257    112 14 9 0 0 0 0 0 0 0 0 3 1
61   1   258    131 15 1 0 2 0 0 0 0 0 0 3 0
61   1   259    197 15 1 0 0 0 0 0 0 0 0 3 0
61   1   260    195 15 2 7 7 7 0 0 2 0 2 3 0
61   1   261    114 15 2 0 0 0 0 0 2 0 0 3 0
61   1   262    132 15 4 0 0 0 0 0 0 0 0 3 0
61   1   263    196 15 5 7 7 7 7 0 0 0 0 3 0
61   1   264    116 15 6 0 0 0 1 0 0 0 2 3 0
61   1   265    115 15 8 0 2 2 2 0 2 0 2 3 0
61   1   266    130 15 8 0 2 0 0 0 0 0 0 3 0
61   1   267    129 15 9 0 0 0 0 2 0 0 0 3 0
61   1   268    241 16 3 1 3 7 7 2 2 2 2 2 1
61   1   269    243 16 4 0 2 0 2 2 0 2 2 2 1
61   1   270    239 16 5 0 0 0 0 0 0 0 0 2 1
61   1   271    237 16 6 0 0 0 0 0 0 0 0 2 1
61   1   272    240 16 7 0 1 0 0 0 0 0 2 2 1
61   1   273    242 16 8 7 0 7 0 0 0 0 0 2 1
61   1   274    238 16 9 0 7 0 0 7 0 0 0 2 1
