62   1     1    1967 1 105 8.075 10.80 2645 703
62   1     2    1967 2 119 7.819 9.16 2540 722
62   1     3    1967 3 119 7.366 9.38 2565 738
62   1     4    1967 4 109 8.113 10.39 2776 747
62   1     5    1968 1 117 7.380 9.44 2725 755
62   1     6    1968 2 135 7.134 8.69 2623 780
62   1     7    1968 3 126 7.222 9.60 2722 806
62   1     8    1968 4 112 7.768 11.28 3004 807
62   1     9    1969 1 116 7.386 11.20 2952 805
62   1    10    1969 2 122 6.965 9.94 2968 801
62   1    11    1969 3 115 6.478 11.21 2961 821
62   1    12    1969 4 115 8.105 11.69 3243 809
62   1    13    1970 1 122 8.060 9.67 3027 797
62   1    14    1970 2 138 7.684 7.87 2902 831
62   1    15    1970 3 135 7.580 8.15 3057 867
62   1    16    1970 4 125 7.093 8.83 3331 862
62   1    17    1971 1 115 6.129 10.51 3266 871
62   1    18    1971 2 108 6.026 9.03 3290 864
62   1    19    1971 3 100 6.679 9.93 3223 854
62   1    20    1971 4 96 7.414 10.27 3501 846
62   1    21    1972 1 107 7.112 9.56 3402 854
62   1    22    1972 2 115 7.762 8.74 3278 851
62   1    23    1972 3 123 7.645 10.32 3258 876
62   1    24    1972 4 122 8.639 10.31 3400 876
62   1    25    1973 1 128 7.667 9.97 3303 888
62   1    26    1973 2 136 8.080 8.99 3228 903
62   1    27    1973 3 140 6.678 12.22 3269 922
62   1    28    1973 4 122 6.739 12.90 3396 902
62   1    29    1974 1 102 5.569 14.00 3396 820
62   1    30    1974 2 103 5.049 12.77 3386 819
62   1    31    1974 3 89 5.642 12.61 3385 797
62   1    32    1974 4 77 6.808 12.16 3262 751
62   1    33    1975 1 89 6.636 11.16 3113 743
62   1    34    1975 2 94 8.241 8.90 2851 744
62   1    35    1975 3 104 7.968 10.24 2752 747
62   1    36    1975 4 108 8.044 10.29 2919 764
62   1    37    1976 1 119 7.791 10.03 2842 759
62   1    38    1976 2 126 7.024 9.05 2834 807
62   1    39    1976 3 119 6.102 12.00 2957 798
62   1    40    1976 4 103 6.053 12.70 3305 811
62   1    41    1977 1 96 5.941 12.95 3256 752
62   1    42    1977 2 95 5.386 11.69 3151 761
62   1    43    1977 3 80 5.811 12.65 3141 719
62   1    44    1977 4 88 6.716 12.21 3266 741
62   1    45    1978 1 93 6.923 10.68 3061 745
62   1    46    1978 2 105 6.939 10.47 3018 764
62   1    47    1978 3 107 6.705 11.05 3085 764
62   1    48    1978 4 100 6.914 10.31 3242 786
