69   1     1    this 45 80 71 39 8 4 0 0 0 0 0
69   1     2    an * 77 89 46 21 9 4 1 0 0 0 0
69   1     3    or 86 69 49 21 9 6 6 1 0 0 0
69   1     4    would 90 47 29 28 22 14 5 7 4 1 0
69   1     5    from * 93 82 51 13 5 2 1 0 0 0 0
69   1     6    will 105 60 31 26 12 8 3 2 0 0 0
69   1     7    its 116 82 29 11 4 3 2 0 0 0 0
69   1     8    their 118 66 34 16 9 2 1 1 0 0 0
69   1     9    if 118 87 31 7 3 1 0 0 0 0 0
69   1    10    any * 125 88 26 7 0 1 0 0 0 0
69   1    11    may * 128 67 32 14 4 1 1 0 0 0 0
69   1    12    upon * 129 83 20 9 5 1 0 0 0 0 0
69   1    13    at 129 70 42 4 2 0 0 0 0 0 0
69   1    14    all 132 67 32 13 2 1 0 0 0 0 0
69   1    15    there 138 75 23 8 2 1 0 0 0 0 0
69   1    16    been 138 65 24 14 3 3 0 0 0 0 0
69   1    17    than 143 66 29 6 2 1 0 0 0 0 0
69   1    18    on 145 67 27 7 1 0 0 0 0 0 0
69   1    19    one 149 77 16 3 2 0 0 0 0 0 0
69   1    20    more 152 70 15 7 2 1 0 0 0 0 0
69   1    21    can * 157 60 20 5 2 2 1 0 0 0 0
69   1    22    has 157 57 20 11 2 0 0 0 0 0 0
69   1    23    should 161 58 26 2 0 0 0 0 0 0 0
69   1    24    who 163 53 25 3 2 1 0 0 0 0 0
69   1    25    no 167 60 11 8 1 0 0 0 0 0 0
69   1    26    so 170 55 19 2 1 0 0 0 0 0 0
69   1    27    such 173 56 13 5 0 0 0 0 0 0 0
69   1    28    must 173 49 14 9 1 0 1 0 0 0 0
69   1    29    into 183 50 12 2 0 0 0 0 0 0 0
69   1    30    only 185 54 7 1 0 0 0 0 0 0 0
69   1    31    every * 186 46 14 1 0 0 0 0 0 0 0
69   1    32    what 188 44 11 3 0 0 1 0 0 0 0
69   1    33    was 192 42 7 2 3 1 0 0 0 0 0
69   1    34    were 194 44 7 1 1 0 0 0 0 0 0
69   1    35    when 195 40 9 3 0 0 0 0 0 0 0
69   1    36    had 200 35 8 4 0 0 0 0 0 0 0
69   1    37    some 200 38 9 0 0 0 0 0 0 0 0
69   1    38    even 204 39 4 0 0 0 0 0 0 0 0
69   1    39    his * 192 18 17 7 3 2 4 1 2 0 1
69   1    40    our 212 23 9 1 0 1 1 0 0 0 0
69   1    41    do * 228 16 2 1 0 0 0 0 0 0 0
69   1    42    then 230 17 0 0 0 0 0 0 0 0 0
69   1    43    up 231 14 2 0 0 0 0 0 0 0 0
69   1    44    also 232 15 0 0 0 0 0 0 0 0 0
69   1    45    now 234 13 0 0 0 0 0 0 0 0 0
69   1    46    things 236 11 0 0 0 0 0 0 0 0 0
69   1    47    down 240 6 1 0 0 0 0 0 0 0 0
69   1    48    my * 241 6 0 0 0 0 0 0 0 0 0
69   1    49    her 241 3 1 1 0 0 0 0 0 1 0
69   1    50    unto 247 0 0 0 0 0 0 0 0 0 0
69   1    51    your 247 0 0 0 0 0 0 0 0 0 0
69   1    52    on 63 80 55 32 20 8 4 0 0 0 0
69   1    53    this 80 83 71 21 6 1 0 0 0 0 0
69   1    54    from * 90 93 42 17 8 9 3 0 0 0 0
69   1    55    or 103 74 51 16 12 3 2 1 0 0 0
69   1    56    an * 122 77 40 14 8 0 1 0 0 0 0
69   1    57    was 129 55 32 16 20 5 3 0 2 0 0
69   1    58    been 132 74 35 12 4 5 0 0 0 0 0
69   1    59    at 133 86 31 8 1 3 0 0 0 0 0
69   1    60    any * 145 90 19 8 0 0 0 0 0 0 0
69   1    61    all 146 68 28 16 4 0 0 0 0 0 0
69   1    62    may * 156 63 29 8 4 1 1 0 0 0 0
69   1    63    than 157 84 19 2 0 0 0 0 0 0 0
69   1    64    its 158 66 29 7 2 0 0 0 0 0 0
69   1    65    more 158 68 30 4 2 0 0 0 0 0 0
69   1    66    their 159 71 17 12 2 0 1 0 0 0 0
69   1    67    no 165 71 16 7 2 1 0 0 0 0 0
69   1    68    has 167 64 19 9 1 1 1 0 0 0 0
69   1    69    would 167 49 31 9 1 3 0 2 0 0 0
69   1    70    such 170 66 22 3 1 0 0 0 0 0 0
69   1    71    if 171 60 22 6 3 0 0 0 0 0 0
69   1    72    one 172 66 15 5 3 0 0 1 0 0 0
69   1    73    will 172 55 19 8 3 3 0 2 0 0 0
69   1    74    into 178 71 11 2 0 0 0 0 0 0 0
69   1    75    were 179 58 18 5 1 1 0 0 0 0 0
69   1    76    only 182 65 11 4 0 0 0 0 0 0 0
69   1    77    so 182 59 17 3 1 0 0 0 0 0 0
69   1    78    had 185 52 16 6 0 2 1 0 0 0 0
69   1    79    her 200 26 10 9 4 4 3 2 1 2 1
69   1    80    must 202 47 10 2 1 0 0 0 0 0 0
69   1    81    some 205 53 4 0 0 0 0 0 0 0 0
69   1    82    there 208 47 4 2 1 0 0 0 0 0 0
69   1    83    every * 209 43 4 6 0 0 0 0 0 0 0
69   1    84    can * 211 44 6 1 0 0 0 0 0 0 0
69   1    85    his * 213 21 9 11 2 2 1 2 1 0 0
69   1    86    should 218 32 12 0 0 0 0 0 0 0 0
69   1    87    then 219 34 8 1 0 0 0 0 0 0 0
69   1    88    what 220 33 8 1 0 0 0 0 0 0 0
69   1    89    even 221 38 3 0 0 0 0 0 0 0 0
69   1    90    also 222 36 4 0 0 0 0 0 0 0 0
69   1    91    who 227 28 5 2 0 0 0 0 0 0 0
69   1    92    now 236 24 2 0 0 0 0 0 0 0 0
69   1    93    when 236 23 2 1 0 0 0 0 0 0 0
69   1    94    do * 244 15 2 1 0 0 0 0 0 0 0
69   1    95    our 245 13 4 0 0 0 0 0 0 0 0
69   1    96    down 246 15 1 0 0 0 0 0 0 0 0
69   1    97    up 254 8 0 0 0 0 0 0 0 0 0
69   1    98    upon * 254 7 1 0 0 0 0 0 0 0 0
69   1    99    things 254 7 1 0 0 0 0 0 0 0 0
69   1   100    my * 259 3 0 0 0 0 0 0 0 0 0
69   1   101    unto 262 0 0 0 0 0 0 0 0 0 0
69   1   102    your 262 0 0 0 0 0 0 0 0 0 0
