70   1     1    11111 2.09 1.93 1.37 0.85 0.52 1.07 2.22 1.28 1.09 1.71
70   1     2    01111 2.77 2.79 2.10 1.64 1.11 1.68 2.80 2.32 2.50 3.01
70   1     3    10111 3.11 2.83 2.52 1.98 1.81 2.03 3.34 2.59 2.86 2.69
70   1     4    11011 3.13 3.00 2.00 2.36 2.18 2.50 3.07 2.09 2.46 2.41
70   1     5    11101 2.95 2.95 2.35 1.81 1.61 2.05 2.70 2.41 3.30 2.87
70   1     6    11110 2.75 2.83 2.02 1.60 1.08 1.76 2.87 2.30 2.39 2.90
70   1     7    00111 3.45 3.38 4.00 2.24 1.74 2.08 3.28 3.82 3.88 4.09
70   1     8    01011 2.99 2.57 2.23 2.60 3.33 2.64 3.24 2.09 2.72 2.45
70   1     9    01101 3.00 2.88 1.79 2.98 3.80 3.16 2.80 1.88 2.75 1.99
70   1    10    01110 3.71 3.40 4.46 2.53 2.49 2.51 3.55 4.02 4.27 3.81
70   1    11    10011 3.50 3.10 2.40 2.67 2.71 2.59 2.97 2.68 2.90 3.46
70   1    12    10101 2.57 1.84 1.81 2.79 3.80 2.71 2.32 1.91 2.54 1.47
70   1    13    10110 2.97 2.74 1.70 2.89 3.63 3.08 2.90 1.61 2.28 2.10
70   1    14    11001 3.55 2.85 2.66 2.58 2.81 2.57 3.17 2.83 2.83 3.36
70   1    15    11010 2.85 2.77 2.16 2.50 3.22 2.63 2.56 2.24 3.55 2.45
70   1    16    11100 3.50 3.24 4.00 2.35 1.95 2.25 3.65 3.90 3.40 4.09
70   1    17    00011 3.27 3.69 4.10 3.29 3.24 3.32 3.11 4.05 3.91 3.50
70   1    18    00101 3.20 2.75 2.79 3.69 3.94 3.39 3.48 3.01 2.72 2.94
70   1    19    00110 3.28 3.38 2.47 3.66 4.27 3.81 2.73 2.80 2.97 2.94
70   1    20    01001 3.55 3.32 3.19 3.58 3.71 3.12 3.55 3.07 3.33 3.50
70   1    21    01010 2.82 2.03 2.35 3.88 4.52 3.39 2.66 2.83 2.54 1.99
70   1    22    01100 3.24 3.27 2.41 3.47 4.13 3.76 2.90 2.56 2.54 3.08
70   1    23    11000 3.20 3.59 3.74 3.21 3.22 3.38 3.38 3.55 2.97 3.77
70   1    24    10100 3.05 2.94 2.74 3.50 3.98 3.21 3.00 3.22 3.51 2.90
70   1    25    10010 3.59 3.04 3.50 3.64 3.84 3.10 3.69 3.31 3.37 3.39
70   1    26    10001 3.28 3.48 2.94 3.70 4.20 3.52 3.11 3.19 3.11 2.97
70   1    27    10000 3.00 3.71 5.02 4.14 3.44 4.31 3.31 4.64 3.77 4.19
70   1    28    01000 3.08 3.57 4.15 4.64 4.45 4.46 3.04 4.44 3.84 3.53
70   1    29    00100 3.57 3.98 4.51 4.71 4.27 4.34 3.58 4.17 3.69 4.09
70   1    30    00010 3.18 3.62 4.05 4.63 4.45 4.55 3.24 3.96 3.19 3.74
70   1    31    00001 3.05 3.76 5.15 4.20 3.46 4.28 3.31 4.74 3.91 4.26
70   1    32    00000 2.75 4.66 7.32 5.68 3.07 6.50 4.47 6.47 4.93 4.37
