71   3     1    1 8 6 22 6 14 1 13
71   3     2    1 8 1 14 6 23 5 28
71   3     3    1 13 9 12 7 6 12 3
71   3     4    1 15 5 1 7 7 12 7
71   3     5    1 18 11 8 7 7 4 1
71   3     6    1 27 6 4 7 11 11 11
71   3     7    2 2 10 27 7 12 1 18
71   3     8    2 2 12 2 7 13 3 7
71   3     9    2 20 1 4 7 14 9 22
71   3    10    2 25 12 5 7 19 3 6
71   3    11    2 26 4 27 7 24 10 1
71   3    12    3 17 1 12 7 27 1 27
71   3    13    3 18 12 3 8 1 10 25
71   3    14    3 20 5 2 8 6 7 30
71   3    15    3 24 5 11 8 9 4 26
71   3    16    3 31 6 10 8 12 12 8
71   3    17    4 2 10 26 8 14 4 20
71   3    18    4 3 12 14 8 26 12 14
71   3    19    4 5 9 24 8 30 4 8
71   3    20    4 7 3 28 9 1 4 16
71   3    21    4 12 11 13 9 6 11 5
71   3    22    4 14 10 29 9 9 5 24
71   3    23    4 14 10 26 10 3 10 27
71   3    24    4 20 7 13 10 5 1 20
71   3    25    4 22 1 21 10 11 11 15
71   3    26    4 22 1 26 10 15 2 6
71   3    27    4 25 1 14 10 15 4 4
71   3    28    4 25 3 28 10 24 4 15
71   3    29    5 1 1 16 10 29 7 18
71   3    30    5 3 3 13 11 6 4 8
71   3    31    5 6 7 20 11 9 5 6
71   3    32    5 12 8 26 11 20 5 30
71   3    33    5 12 5 20 11 21 8 5
71   3    34    5 17 2 26 11 23 2 23
71   3    35    5 21 4 23 11 25 10 9
71   3    36    5 22 9 8 11 25 3 2
71   3    37    5 24 1 22 11 26 11 20
71   3    38    5 24 11 15 11 30 8 27
71   3    39    5 25 6 9 12 4 3 6
71   3    40    5 30 10 16 12 14 2 6
71   3    41    6 3 1 20 12 17 7 17
