Light Intensity, Ch A vs Actual Angular Position, Run #8
Actual Angular Position (  )	Light Intensity, Ch A ( % max )
0.000	-0.2
0.000	-0.2
0.000	-0.2
0.000	-0.3
0.000	-0.2
0.000	-0.2
0.000	-0.2
0.000	-0.2
0.000	-0.2
0.000	-0.3
0.000	-0.3
0.000	-0.2
0.000	-0.2
0.000	-0.2
0.000	-0.1
0.001	-0.2
0.001	-0.2
0.001	-0.2
0.001	-0.2
0.001	-0.2
0.001	-0.1
0.001	-0.2
0.001	-0.3
0.001	-0.3
0.001	-0.1
0.001	-0.2
0.001	-0.1
0.001	-0.2
0.002	-0.2
0.004	-0.2
0.005	-0.2
0.007	-0.1
0.008	-0.2
0.010	-0.3
0.011	-0.3
0.013	-0.2
0.016	-0.2
0.019	-0.2
0.023	-0.2
0.026	-0.2
0.028	-0.2
0.030	-0.2
0.032	-0.2
0.034	-0.3
0.036	-0.3
0.039	-0.3
0.042	-0.2
0.045	-0.2
0.047	-0.2
0.049	-0.2
0.051	-0.2
0.053	-0.2
0.055	-0.2
0.056	-0.3
0.058	-0.2
0.060	-0.2
0.062	-0.2
0.064	-0.2
0.065	-0.2
0.066	-0.2
0.068	-0.2
0.070	-0.2
0.073	-0.2
0.075	-0.2
0.077	-0.2
0.079	-0.2
0.081	-0.3
0.083	-0.2
0.085	-0.2
0.087	-0.2
0.089	-0.2
0.091	-0.2
0.093	-0.3
0.095	-0.2
0.097	-0.2
0.099	-0.2
0.102	-0.2
0.105	-0.2
0.108	-0.2
0.110	0.0
0.113	0.0
0.115	0.1
0.117	0.1
0.120	0.1
0.122	0.0
0.125	-0.1
0.127	0.0
0.129	-0.1
0.132	-0.2
0.134	-0.2
0.137	-0.2
0.139	-0.2
0.141	-0.2
0.143	-0.2
0.146	-0.2
0.149	-0.4
0.152	-0.2
0.155	-0.2
0.158	-0.2
0.160	-0.2
0.163	-0.2
0.167	-0.2
0.170	-0.2
0.174	-0.2
0.177	-0.2
0.180	-0.2
0.183	-0.2
0.185	-0.2
0.187	-0.3
0.189	-0.2
0.190	-0.2
0.192	-0.1
0.194	-0.2
0.195	-0.2
0.197	-0.2
0.199	-0.2
0.200	-0.2
0.202	-0.2
0.204	-0.2
0.206	-0.2
0.208	-0.2
0.210	-0.2
0.212	-0.3
0.214	-0.2
0.216	-0.2
0.218	-0.2
0.220	-0.2
0.223	-0.2
0.224	-0.3
0.226	-0.2
0.227	-0.2
0.229	-0.2
0.230	-0.2
0.232	-0.2
0.234	-0.2
0.235	-0.2
0.236	-0.2
0.237	-0.2
0.239	-0.3
0.242	-0.3
0.245	-0.3
0.248	-0.2
0.251	-0.2
0.254	-0.1
0.257	-0.2
0.259	-0.2
0.261	-0.2
0.262	-0.2
0.263	-0.2
0.264	-0.2
0.265	-0.2
0.267	-0.2
0.269	-0.2
0.270	-0.2
0.272	-0.2
0.274	-0.2
0.275	-0.2
0.276	-0.2
0.277	-0.2
0.278	-0.2
0.279	-0.3
0.280	-0.3
0.281	-0.2
0.282	-0.2
0.284	-0.2
0.285	-0.2
0.286	-0.2
0.287	-0.2
0.288	-0.2
0.289	-0.2
0.290	-0.2
0.291	-0.2
0.292	-0.2
0.294	-0.2
0.295	-0.2
0.296	-0.2
0.297	-0.3
0.298	-0.3
0.298	-0.2
0.299	-0.2
0.300	-0.2
0.301	-0.2
0.302	-0.2
0.303	-0.2
0.304	-0.3
0.306	-0.2
0.308	-0.1
0.310	-0.3
0.312	-0.3
0.315	-0.2
0.316	-0.2
0.318	-0.2
0.319	-0.2
0.320	-0.2
0.320	-0.3
0.321	-0.3
0.322	-0.2
0.324	-0.2
0.325	-0.2
0.326	-0.2
0.327	-0.2
0.328	-0.3
0.330	-0.2
0.331	-0.2
0.332	-0.2
0.333	-0.2
0.335	-0.2
0.336	-0.2
0.337	-0.2
0.337	-0.3
0.338	-0.2
0.338	-0.2
0.339	-0.2
0.340	-0.2
0.341	-0.2
0.342	-0.2
0.343	-0.3
0.344	-0.3
0.345	-0.2
0.346	-0.2
0.347	-0.1
0.348	-0.2
0.348	-0.2
0.349	-0.2
0.350	-0.2
0.351	-0.2
0.352	-0.2
0.352	-0.1
0.353	-0.2
0.354	-0.3
0.355	-0.2
0.355	-0.1
0.356	-0.2
0.357	-0.2
0.358	-0.2
0.359	-0.2
0.359	-0.2
0.360	-0.2
0.360	-0.3
0.360	-0.3
0.361	-0.2
0.361	-0.2
0.361	-0.2
0.361	-0.2
0.362	-0.1
0.362	-0.2
0.363	-0.3
0.363	-0.2
0.363	-0.2
0.363	-0.2
0.363	-0.2
0.363	-0.2
0.363	-0.3
0.364	-0.2
0.365	-0.2
0.365	-0.2
0.365	-0.1
0.366	-0.2
0.366	-0.2
0.367	-0.3
0.367	-0.2
0.367	-0.1
0.368	-0.2
0.369	-0.1
0.370	-0.2
0.370	-0.2
0.370	-0.3
0.370	-0.2
0.371	-0.2
0.372	-0.2
0.372	-0.2
0.372	-0.3
0.372	-0.3
0.373	-0.2
0.375	-0.2
0.377	-0.2
0.379	-0.2
0.380	-0.2
0.381	-0.2
0.383	-0.2
0.385	-0.2
0.387	-0.2
0.388	-0.2
0.390	-0.1
0.391	-0.2
0.392	-0.2
0.394	-0.2
0.395	-0.2
0.395	-0.2
0.395	-0.2
0.395	-0.1
0.395	-0.2
0.395	-0.2
0.396	-0.2
0.396	-0.2
0.396	-0.2
0.396	-0.3
0.398	-0.2
0.400	-0.1
0.402	-0.1
0.404	-0.2
0.405	-0.1
0.405	-0.2
0.405	-0.2
0.405	-0.2
0.406	-0.3
0.408	-0.2
0.409	-0.2
0.410	-0.2
0.411	-0.2
0.412	-0.2
0.413	-0.2
0.414	-0.2
0.416	-0.2
0.417	-0.2
0.419	-0.2
0.420	-0.2
0.421	-0.1
0.423	-0.2
0.424	-0.2
0.425	-0.2
0.426	-0.2
0.427	-0.2
0.427	-0.2
0.428	-0.2
0.430	-0.2
0.431	-0.2
0.432	-0.1
0.433	-0.2
0.433	-0.2
0.434	-0.2
0.435	-0.2
0.435	-0.3
0.436	-0.2
0.436	-0.2
0.436	-0.2
0.436	-0.2
0.437	-0.2
0.438	-0.2
0.439	-0.1
0.439	-0.2
0.440	-0.2
0.440	-0.2
0.441	-0.2
0.442	-0.3
0.443	-0.1
0.443	-0.2
0.444	-0.2
0.444	-0.2
0.445	-0.1
0.445	-0.2
0.446	-0.2
0.447	-0.2
0.447	-0.3
0.448	-0.2
0.449	-0.2
0.449	-0.2
0.450	-0.2
0.450	-0.1
0.451	-0.2
0.452	-0.2
0.452	-0.1
0.453	-0.2
0.454	-0.2
0.454	-0.3
0.455	-0.3
0.455	-0.2
0.456	-0.2
0.456	-0.1
0.457	-0.2
0.457	-0.1
0.458	-0.2
0.459	-0.3
0.459	-0.2
0.460	-0.2
0.460	-0.1
0.460	-0.1
0.461	-0.2
0.461	-0.2
0.462	-0.2
0.463	-0.1
0.463	-0.3
0.463	-0.2
0.464	-0.2
0.464	-0.2
0.465	-0.2
0.465	-0.1
0.465	-0.1
0.466	-0.2
0.466	-0.2
0.467	-0.2
0.468	-0.2
0.468	-0.2
0.469	-0.3
0.470	-0.1
0.470	-0.1
0.471	-0.1
0.471	-0.2
0.472	-0.2
0.472	-0.2
0.473	-0.1
0.474	-0.1
0.474	-0.1
0.475	-0.2
0.475	-0.3
0.475	-0.2
0.476	-0.1
0.476	-0.1
0.477	-0.1
0.478	-0.2
0.479	-0.2
0.479	-0.2
0.480	-0.1
0.480	-0.1
0.481	-0.2
0.481	-0.2
0.481	-0.3
0.482	-0.2
0.482	-0.1
0.483	-0.1
0.483	-0.2
0.484	-0.2
0.485	-0.2
0.486	-0.2
0.487	-0.2
0.487	-0.1
0.487	-0.2
0.487	-0.2
0.487	-0.2
0.488	-0.3
0.489	-0.2
0.490	-0.2
0.491	-0.1
0.491	-0.1
0.491	-0.2
0.492	-0.2
0.493	-0.1
0.493	-0.1
0.493	-0.2
0.494	-0.1
0.494	-0.2
0.495	-0.2
0.496	-0.2
0.496	-0.2
0.497	-0.3
0.497	-0.3
0.498	-0.1
0.498	-0.1
0.499	-0.1
0.499	-0.2
0.500	-0.1
0.501	-0.1
0.502	-0.2
0.502	-0.2
0.503	-0.2
0.503	-0.2
0.504	-0.1
0.504	-0.2
0.505	-0.2
0.505	-0.1
0.505	-0.2
0.506	-0.3
0.506	-0.3
0.506	-0.2
0.506	-0.2
0.507	-0.1
0.508	-0.1
0.509	-0.1
0.510	-0.1
0.510	-0.2
0.510	-0.1
0.510	-0.3
0.511	-0.1
0.512	-0.2
0.513	-0.1
0.514	-0.1
0.515	-0.1
0.516	-0.1
0.516	-0.1
0.516	-0.1
0.517	-0.3
0.517	-0.3
0.517	-0.1
0.517	-0.2
0.518	-0.1
0.519	-0.1
0.520	-0.2
0.520	-0.2
0.521	-0.2
0.522	-0.1
0.522	-0.1
0.523	-0.1
0.523	-0.1
0.523	-0.2
0.524	-0.1
0.524	-0.2
0.524	-0.2
0.524	-0.2
0.524	-0.3
0.524	-0.2
0.525	-0.1
0.526	-0.1
0.527	-0.2
0.527	-0.1
0.527	-0.2
0.527	-0.2
0.528	-0.3
0.528	-0.1
0.528	-0.1
0.528	-0.1
0.528	-0.1
0.528	-0.1
0.528	-0.1
0.528	-0.2
0.528	-0.2
0.528	-0.1
0.528	-0.1
0.528	-0.1
0.528	-0.1
0.528	-0.2
0.528	-0.2
0.528	-0.1
0.528	-0.1
0.528	-0.1
0.528	-0.2
0.528	-0.3
0.528	-0.3
0.528	-0.1
0.528	-0.1
0.528	-0.1
0.528	-0.2
0.528	-0.1
0.528	-0.2
0.528	-0.3
0.528	-0.1
0.528	-0.1
0.528	-0.1
0.528	-0.1
0.528	-0.1
0.528	-0.2
0.528	-0.1
0.528	-0.1
0.528	-0.1
0.528	-0.2
0.528	-0.1
0.528	-0.1
0.528	-0.1
0.528	-0.2
0.529	-0.2
0.530	-0.1
0.532	-0.1
0.534	-0.2
0.535	-0.2
0.536	-0.2
0.537	-0.1
0.537	-0.1
0.538	-0.1
0.538	-0.1
0.539	-0.2
0.539	-0.2
0.539	-0.1
0.540	-0.2
0.541	-0.1
0.542	-0.1
0.543	-0.1
0.543	-0.2
0.544	-0.1
0.545	-0.1
0.546	-0.1
0.546	-0.2
0.548	-0.2
0.549	-0.1
0.550	-0.1
0.551	-0.1
0.551	-0.1
0.551	-0.2
0.552	-0.2
0.552	-0.2
0.553	-0.1
0.553	-0.1
0.554	-0.1
0.554	-0.1
0.555	-0.1
0.556	-0.1
0.558	-0.2
0.560	-0.2
0.561	-0.2
0.563	-0.2
0.564	-0.1
0.564	-0.1
0.564	-0.1
0.564	-0.1
0.565	-0.1
0.566	-0.1
0.569	-0.1
0.570	-0.2
0.571	-0.2
0.571	-0.1
0.571	-0.1
0.571	-0.1
0.572	-0.1
0.572	-0.1
0.573	-0.2
0.573	-0.2
0.574	-0.2
0.574	-0.1
0.575	-0.1
0.576	-0.1
0.577	-0.2
0.578	-0.2
0.579	-0.2
0.580	-0.1
0.581	-0.1
0.582	-0.1
0.583	-0.1
0.584	-0.1
0.586	-0.1
0.587	0.0
0.588	-0.1
0.589	-0.1
0.591	-0.1
0.593	-0.2
0.595	-0.1
0.596	-0.2
0.596	-0.1
0.597	-0.1
0.599	-0.1
0.600	-0.1
0.601	-0.1
0.603	-0.2
0.604	-0.1
0.605	-0.1
0.606	-0.1
0.607	-0.2
0.608	-0.1
0.609	-0.1
0.610	-0.1
0.610	-0.1
0.611	-0.2
0.612	-0.2
0.613	-0.1
0.614	-0.1
0.615	-0.1
0.617	-0.1
0.618	-0.1
0.619	-0.2
0.620	-0.2
0.621	-0.1
0.622	-0.1
0.623	-0.1
0.625	-0.1
0.626	-0.1
0.627	-0.2
0.629	-0.2
0.630	-0.2
0.631	-0.1
0.632	0.0
0.633	0.0
0.634	0.0
0.636	0.0
0.637	-0.1
0.639	0.0
0.640	0.0
0.641	0.0
0.643	0.0
0.644	-0.1
0.645	-0.2
0.646	-0.1
0.647	0.0
0.648	0.0
0.649	-0.1
0.650	-0.1
0.651	0.0
0.652	0.0
0.653	-0.1
0.654	0.0
0.655	0.0
0.656	-0.2
0.658	-0.1
0.659	0.0
0.661	0.0
0.662	0.0
0.664	-0.1
0.665	0.0
0.666	0.0
0.667	0.0
0.669	0.0
0.670	0.0
0.672	0.0
0.673	0.0
0.674	0.0
0.676	0.0
0.676	0.0
0.676	-0.1
0.677	-0.1
0.677	-0.1
0.677	0.0
0.677	0.0
0.677	0.0
0.677	0.0
0.677	0.0
0.677	0.0
0.677	0.0
0.677	-0.1
0.677	0.0
0.677	0.0
0.677	0.0
0.677	0.0
0.677	0.0
0.677	0.0
0.677	-0.1
0.677	0.0
0.677	0.0
0.677	0.0
0.677	0.0
0.679	0.0
0.681	-0.1
0.685	0.0
0.688	0.1
0.692	0.2
0.696	0.2
0.701	0.2
0.704	0.2
0.707	0.3
0.709	0.7
0.710	1.1
0.710	1.5
0.710	1.6
0.710	1.5
0.710	1.5
0.710	1.5
0.710	1.4
0.710	1.5
0.710	1.2
0.710	1.5
0.710	1.4
0.710	1.5
0.710	1.6
0.710	1.9
0.710	2.0
0.710	2.1
0.710	1.7
0.710	1.5
0.710	1.5
0.710	1.8
0.710	1.9
0.710	1.9
0.710	2.0
0.710	1.9
0.710	1.7
0.710	1.7
0.710	1.8
0.710	1.8
0.710	1.8
0.710	1.8
0.710	1.6
0.710	1.8
0.710	1.7
0.710	1.6
0.710	1.8
0.710	2.5
0.711	3.3
0.712	6.0
0.715	15.2
0.720	31.6
0.724	11.9
0.728	1.2
0.730	0.6
0.732	0.5
0.733	0.4
0.734	0.4
0.736	0.4
0.738	0.3
0.740	0.2
0.742	0.2
0.744	0.2
0.746	0.1
0.748	0.1
0.750	0.1
0.751	0.0
0.752	0.1
0.753	0.0
0.754	0.0
0.755	0.0
0.756	-0.1
0.758	-0.1
0.759	0.0
0.760	0.0
0.762	0.0
0.763	0.0
0.764	0.1
0.765	0.0
0.767	0.0
0.769	0.0
0.772	0.0
0.773	-0.1
0.775	0.0
0.776	0.0
0.777	0.0
0.779	0.0
0.781	0.0
0.783	-0.2
0.785	-0.1
0.787	-0.1
0.790	0.0
0.793	0.0
0.796	0.0
0.798	0.0
0.799	0.0
0.801	-0.1
0.803	-0.2
0.804	-0.1
0.806	0.0
0.807	0.0
0.809	0.0
0.811	0.0
0.814	0.0
0.817	-0.1
0.821	-0.1
0.824	0.3
0.826	1.3
0.828	2.2
0.829	2.6
0.830	2.6
0.831	2.5
0.833	2.1
0.834	1.2
0.836	0.2
0.839	0.0
0.841	0.0
0.843	0.0
0.844	0.0
0.845	0.1
0.846	0.0
0.847	0.0
0.849	0.0
0.851	0.0
0.853	0.1
0.855	0.1
0.857	0.1
0.858	0.2
0.859	0.3
0.860	0.4
0.861	0.4
0.862	0.5
0.863	0.4
0.865	0.4
0.867	0.2
0.869	0.2
0.871	0.1
0.873	0.0
0.873	0.0
0.874	0.0
0.876	0.2
0.877	0.2
0.878	0.2
0.879	0.1
0.881	0.2
0.882	0.1
0.884	0.1
0.885	0.0
0.887	0.0
0.888	0.0
0.889	0.1
0.891	0.0
0.892	0.0
0.893	0.1
0.894	0.0
0.895	-0.1
0.896	0.0
0.897	0.0
0.898	0.0
0.899	0.0
0.901	0.0
0.903	-0.1
0.905	0.0
0.906	0.0
0.908	0.0
0.909	0.0
0.910	0.0
0.911	-0.1
0.913	-0.1
0.914	-0.2
0.916	-0.1
0.918	-0.2
0.920	-0.1
0.921	0.0
0.922	-0.1
0.923	0.0
0.924	-0.1
0.926	-0.1
0.928	-0.1
0.929	-0.2
0.930	-0.1
0.931	-0.1
0.932	0.0
0.933	0.0
0.935	-0.1
0.937	-0.1
0.938	-0.1
0.939	-0.1
0.940	0.0
0.940	-0.1
0.941	-0.1
0.942	0.0
0.944	0.0
0.945	-0.1
0.946	-0.1
0.948	-0.1
0.949	0.0
0.950	0.0
0.950	0.0
0.952	0.0
0.953	0.0
0.954	0.0
0.956	-0.1
0.957	-0.1
0.957	0.0
0.958	0.0
0.959	0.0
0.960	0.0
0.961	0.0
0.962	-0.1
0.964	0.0
0.965	0.0
0.967	0.0
0.969	0.0
0.971	0.0
0.973	-0.1
0.975	-0.1
0.978	0.0
0.982	0.0
0.984	0.0
0.987	0.0
0.989	-0.1
0.991	0.0
0.994	0.0
0.996	0.0
0.999	0.1
1.002	0.0
1.005	0.0
1.007	0.1
1.009	0.0
1.011	0.0
1.013	0.0
1.017	0.0
1.021	0.2
1.023	0.2
1.027	0.2
1.029	0.2
1.031	0.2
1.034	0.2
1.036	0.2
1.039	0.2
1.041	0.1
1.044	0.2
1.046	0.3
1.049	0.3
1.051	0.3
1.054	0.4
1.057	0.4
1.058	0.4
1.058	0.3
1.058	0.4
1.059	0.4
1.060	0.4
1.061	0.5
1.062	0.5
1.063	0.5
1.065	0.5
1.065	0.6
1.067	0.6
1.068	0.6
1.070	0.7
1.071	0.9
1.073	1.0
1.075	1.2
1.077	1.3
1.079	1.5
1.081	1.5
1.083	1.7
1.084	1.8
1.084	1.8
1.086	1.8
1.088	2.0
1.091	2.1
1.093	2.3
1.094	2.2
1.094	2.3
1.095	2.3
1.095	2.4
1.096	2.4
1.097	2.5
1.097	2.5
1.098	2.6
1.099	2.6
1.100	2.8
1.102	3.1
1.102	3.1
1.103	3.2
1.104	3.4
1.105	3.5
1.107	3.9
1.108	4.3
1.109	4.8
1.111	5.2
1.112	5.6
1.114	6.3
1.115	6.9
1.116	7.2
1.117	7.7
1.118	8.2
1.120	8.9
1.121	10.0
1.123	11.7
1.124	14.1
1.125	20.0
1.127	37.3
1.128	58.6
1.128	68.8
1.128	78.9
1.129	93.5
1.130	97.0
1.131	97.0
1.132	97.0
1.133	97.0
1.134	97.0
1.134	97.0
1.135	96.9
1.135	96.9
1.137	96.9
1.139	96.9
1.140	96.9
1.141	96.9
1.141	97.0
1.142	97.0
1.142	97.0
1.142	97.0
1.142	97.0
1.142	97.0
1.142	97.0
1.142	97.0
1.142	96.9
1.142	96.9
1.142	96.9
1.142	96.9
1.142	96.9
1.142	96.9
1.142	96.9
1.142	96.9
1.143	96.9
1.143	96.9
1.143	96.9
1.143	96.9
1.143	96.9
1.143	96.9
1.143	96.9
1.143	97.1
1.143	97.0
1.143	97.0
1.143	97.0
1.143	97.0
1.143	97.0
1.143	97.0
1.143	97.0
1.144	97.1
1.145	47.1
1.147	22.7
1.149	15.7
1.150	13.3
1.152	11.0
1.153	10.0
1.155	8.4
1.156	7.6
1.158	6.3
1.160	5.3
1.161	4.3
1.163	3.5
1.164	3.1
1.165	2.8
1.166	2.4
1.168	2.1
1.169	1.8
1.170	1.7
1.172	1.4
1.174	1.4
1.177	1.3
1.179	1.2
1.182	1.0
1.184	1.0
1.186	0.9
1.188	0.9
1.190	0.8
1.192	0.8
1.194	0.6
1.196	0.6
1.197	0.6
1.199	0.4
1.200	0.4
1.202	0.4
1.204	0.4
1.206	0.4
1.208	0.4
1.209	0.4
1.211	0.4
1.212	0.4
1.213	0.3
1.215	0.3
1.217	0.3
1.219	0.4
1.221	0.3
1.223	0.2
1.226	0.2
1.227	0.2
1.228	0.1
1.229	0.2
1.230	0.2
1.231	0.3
1.232	0.2
1.234	0.2
1.235	0.2
1.237	0.2
1.239	0.2
1.241	0.2
1.243	0.2
1.244	0.1
1.246	0.1
1.247	0.2
1.249	0.2
1.252	0.2
1.253	0.2
1.255	0.2
1.257	0.2
1.260	0.2
1.262	0.1
1.264	0.1
1.266	0.2
1.267	0.2
1.270	0.2
1.273	0.2
1.275	0.2
1.278	0.2
1.281	0.2
1.283	0.2
1.286	0.1
1.289	0.0
1.290	0.1
1.292	0.2
1.294	0.1
1.297	0.1
1.299	0.1
1.300	0.0
1.302	0.0
1.304	0.1
1.306	0.1
1.308	0.1
1.311	0.1
1.313	0.1
1.315	0.0
1.318	0.0
1.320	0.0
1.322	0.0
1.324	0.1
1.326	0.0
1.328	0.1
1.330	0.1
1.332	0.1
1.334	0.0
1.337	0.0
1.339	0.0
1.340	0.0
1.342	0.0
1.344	0.0
1.346	0.0
1.347	0.0
1.349	0.0
1.351	0.0
1.353	0.0
1.354	0.0
1.356	0.0
1.357	0.0
1.359	0.0
1.360	0.0
1.361	0.0
1.363	0.0
1.365	0.0
1.366	0.0
1.367	0.0
1.369	0.0
1.372	0.0
1.375	0.0
1.378	0.0
1.380	0.0
1.382	0.0
1.383	0.0
1.385	0.0
1.386	0.0
1.388	0.0
1.389	0.0
1.391	0.0
1.392	0.0
1.394	0.0
1.395	0.0
1.396	0.2
1.397	0.2
1.399	0.3
1.401	0.2
1.403	0.2
1.405	0.0
1.406	-0.1
1.407	0.0
1.408	0.0
1.410	0.0
1.411	0.0
1.413	0.0
1.414	0.0
1.415	0.0
1.417	-0.1
1.418	-0.1
1.419	-0.1
1.420	0.0
1.422	0.0
1.423	0.1
1.424	0.1
1.426	0.2
1.427	0.4
1.428	0.6
1.429	1.0
1.430	1.6
1.432	2.1
1.434	2.0
1.437	1.1
1.439	0.3
1.440	-0.1
1.442	0.0
1.443	0.0
1.444	0.0
1.445	0.0
1.446	0.0
1.447	-0.2
1.448	-0.1
1.449	0.0
1.449	0.0
1.451	0.0
1.452	0.0
1.452	-0.2
1.453	-0.1
1.454	-0.1
1.455	0.0
1.457	0.0
1.457	-0.1
1.457	-0.2
1.457	-0.2
1.457	-0.1
1.457	0.0
1.457	-0.1
1.457	-0.1
1.457	-0.1
1.457	-0.2
1.457	-0.2
1.458	-0.1
1.458	0.0
1.459	-0.1
1.462	-0.1
1.465	-0.1
1.468	-0.1
1.470	-0.2
1.471	0.0
1.472	0.0
1.473	0.0
1.474	-0.1
1.476	-0.2
1.478	-0.2
1.481	0.0
1.484	0.0
1.486	0.0
1.487	0.0
1.489	0.0
1.491	0.1
1.493	0.0
1.494	0.0
1.495	0.1
1.497	0.0
1.499	0.0
1.502	0.0
1.505	0.0
1.508	0.0
1.511	0.0
1.513	0.1
1.515	0.0
1.517	0.1
1.519	0.2
1.521	0.1
1.524	0.2
1.527	0.3
1.529	0.6
1.533	2.2
1.536	8.6
1.539	21.2
1.542	25.5
1.545	9.5
1.548	1.3
1.551	0.5
1.554	0.3
1.557	0.2
1.561	0.1
1.563	0.0
1.566	0.0
1.570	-0.1
1.573	-0.1
1.576	-0.1
1.578	-0.2
1.580	-0.2
1.583	-0.2
1.585	-0.2
1.587	-0.1
1.588	-0.1
1.590	-0.1
1.592	-0.1
1.595	-0.1
1.597	-0.1
1.599	-0.1
1.602	-0.1
1.604	-0.1
1.607	-0.1
1.608	-0.1
1.608	-0.1
1.608	-0.1
1.608	-0.1
1.609	-0.2
1.610	-0.2
1.611	-0.1
1.611	-0.1
1.613	-0.1
1.614	-0.1
1.616	0.0
1.619	0.0
1.621	0.0
1.624	-0.1
1.627	-0.1
1.629	-0.1
1.631	-0.2
1.634	-0.2
1.637	-0.2
1.640	-0.2
1.643	-0.1
1.647	-0.1
1.650	-0.1
1.654	-0.1
1.657	-0.1
1.660	-0.2
1.663	0.0
1.665	0.0
1.668	-0.1
1.670	-0.1
1.673	-0.1
1.677	-0.1
1.679	-0.2
1.683	-0.2
1.685	-0.1
1.688	-0.1
1.690	-0.1
1.693	-0.1
1.696	-0.1
1.699	-0.2
1.700	-0.2
1.703	-0.2
1.706	-0.2
1.708	-0.2
1.711	-0.2
1.713	-0.1
1.715	-0.1
1.717	-0.1
1.719	-0.1
1.720	-0.1
1.723	-0.1
1.725	-0.2
1.727	-0.2
1.729	-0.1
1.730	-0.1
1.732	-0.1
1.734	-0.1
1.736	-0.1
1.738	-0.1
1.740	-0.2
1.742	0.0
1.744	0.0
1.745	0.1
1.746	0.1
1.748	0.0
1.750	-0.2
1.752	-0.2
1.754	-0.1
1.756	-0.1
1.758	-0.1
1.760	-0.2
1.762	-0.2
1.763	-0.2
1.765	-0.1
1.767	-0.2
1.769	-0.2
1.771	-0.1
1.773	-0.1
1.776	-0.2
1.779	-0.2
1.782	-0.1
1.785	-0.1
1.788	-0.2
1.790	-0.3
1.792	-0.2
1.795	-0.2
1.798	-0.2
1.800	-0.2
1.803	-0.2
1.806	-0.2
1.809	-0.2
1.812	-0.2
1.815	-0.1
1.818	-0.2
1.821	-0.3
1.823	-0.2
1.825	-0.2
1.828	-0.2
1.829	-0.2
1.831	-0.3
1.834	-0.1
1.837	-0.1
1.842	-0.2
1.845	-0.2
1.848	-0.2
1.850	-0.2
1.851	-0.2
1.853	-0.2
1.855	-0.2
1.857	-0.2
1.859	-0.2
1.862	-0.2
1.864	-0.2
1.866	-0.2
1.867	-0.3
1.869	-0.2
1.872	-0.2
1.875	-0.1
1.878	-0.2
1.881	-0.3
1.884	-0.2
1.887	-0.2
1.891	-0.2
1.895	-0.2
1.898	-0.1
1.901	-0.2
1.904	-0.3
1.907	-0.2
1.911	-0.2
1.915	-0.2
1.918	-0.2
1.921	-0.2
1.925	-0.3
1.929	-0.2
1.933	-0.1
1.937	-0.2
1.940	-0.2
1.943	-0.2
1.946	-0.2
1.949	-0.2
1.951	-0.3
1.953	-0.2
1.956	-0.2
1.959	-0.1
1.961	-0.1
1.964	-0.2
1.966	-0.2
1.968	-0.2
1.973	-0.3
1.978	-0.2
1.983	-0.2
1.988	-0.1
1.992	-0.1
1.996	0.3
2.001	1.3
2.006	0.8
2.011	-0.1
2.015	-0.2
2.019	-0.3
2.022	-0.2
2.025	-0.2
2.029	-0.2
2.033	-0.1
2.036	-0.3
2.040	-0.2
2.045	-0.2
2.051	-0.2
2.059	-0.2
2.066	-0.2
2.073	-0.2
2.079	-0.2
2.084	-0.2
2.089	-0.2
2.094	-0.2
2.102	-0.3
2.110	-0.3
2.119	-0.2
2.127	-0.1
2.133	-0.1
2.138	-0.2
2.142	-0.2
2.147	-0.2
2.153	-0.2
2.161	-0.3
2.168	-0.3
2.174	-0.2
2.181	-0.2
2.186	-0.2
2.192	-0.2
2.199	-0.2
2.206	-0.2
2.212	-0.3
2.220	-0.3
2.228	-0.2
2.234	-0.2
2.234	-0.2
2.234	-0.2
2.234	-0.2
2.234	-0.2
2.234	-0.3
2.234	-0.3
2.234	-0.2
2.234	-0.2
2.234	-0.2
2.234	-0.2
2.234	-0.2
2.234	-0.3
2.233	-0.3
2.233	-0.2
2.233	-0.2
2.233	-0.2
2.233	-0.2
2.233	-0.2
2.233	-0.2
2.233	-0.2
2.233	-0.3
2.233	-0.2
2.233	-0.2
2.233	-0.2
2.233	-0.2
2.233	-0.2
2.233	-0.2
2.233	-0.2
2.233	-0.2
2.233	-0.3
2.233	-0.3
2.233	-0.2
2.233	-0.2
