Light Intensity, Ch A vs Actual Angular Position, Run #5
Actual Angular Position (  )	Light Intensity, Ch A ( % max )
-1.109 -0.200
-1.109 -0.200
-1.109 -0.200
-1.109 -0.300
-1.109 -0.200
-1.109 -0.200
-1.109 -0.200
-1.109 -0.200
-1.109 -0.100
-1.108 -0.200
-1.104 -0.200
-1.096 -0.200
-1.089 -0.200
-1.082 -0.200
-1.076 -0.200
-1.069 -0.200
-1.061 -0.200
-1.052 -0.200
-1.048 -0.200
-1.046 -0.100
-1.044 -0.200
-1.042 -0.200
-1.036 -0.200
-1.028 -0.200
-1.021 -0.100
-1.015 -0.100
-1.011 -0.200
-1.006 -0.200
-1.001 -0.100
-0.996 -0.100
-0.992 -0.200
-0.989 -0.200
-0.986 -0.200
-0.983 -0.200
-0.979 -0.300
-0.976 -0.300
-0.972 -0.200
-0.967 -0.200
-0.960 -0.300
-0.955 -0.200
-0.951 -0.200
-0.947 -0.200
-0.944 -0.200
-0.941 -0.200
-0.938 -0.300
-0.936 -0.300
-0.932 -0.300
-0.929 -0.200
-0.924 -0.200
-0.919 -0.300
-0.915 -0.200
-0.910 -0.100
-0.906 -0.100
-0.902 0.400
-0.897 0.600
-0.891 0.000
-0.885 -0.200
-0.878 -0.100
-0.872 -0.200
-0.867 -0.200
-0.863 -0.200
-0.859 -0.300
-0.855 -0.300
-0.851 -0.300
-0.846 -0.200
-0.842 -0.200
-0.838 -0.300
-0.833 -0.300
-0.829 -0.200
-0.826 -0.300
-0.821 -0.200
-0.817 -0.200
-0.812 -0.200
-0.808 -0.200
-0.805 -0.200
-0.802 -0.300
-0.799 -0.300
-0.796 -0.200
-0.793 -0.200
-0.788 -0.300
-0.784 -0.300
-0.779 -0.200
-0.775 -0.200
-0.772 -0.100
-0.768 -0.200
-0.764 -0.200
-0.761 -0.200
-0.758 -0.200
-0.754 -0.200
-0.750 -0.200
-0.745 -0.200
-0.740 -0.200
-0.735 -0.200
-0.729 -0.200
-0.725 -0.200
-0.721 -0.200
-0.717 -0.200
-0.714 -0.300
-0.710 -0.300
-0.706 -0.200
-0.699 -0.200
-0.690 -0.200
-0.682 -0.200
-0.673 -0.200
-0.665 -0.100
-0.659 -0.100
-0.654 -0.100
-0.649 -0.100
-0.645 -0.200
-0.641 -0.200
-0.637 -0.100
-0.634 -0.100
-0.631 -0.200
-0.627 -0.100
-0.623 -0.200
-0.619 -0.100
-0.615 -0.200
-0.610 -0.200
-0.605 -0.200
-0.599 -0.300
-0.594 -0.200
-0.591 -0.200
-0.589 -0.200
-0.588 -0.200
-0.587 -0.200
-0.585 -0.100
-0.583 -0.100
-0.581 -0.100
-0.579 -0.100
-0.578 -0.100
-0.577 -0.200
-0.577 -0.200
-0.577 -0.100
-0.577 -0.200
-0.577 -0.300
-0.577 -0.300
-0.577 -0.300
-0.577 -0.300
-0.577 -0.100
-0.577 -0.100
-0.577 -0.100
-0.577 -0.200
-0.577 -0.100
-0.577 -0.100
-0.577 -0.100
-0.577 -0.200
-0.576 -0.200
-0.574 -0.200
-0.571 -0.100
-0.567 -0.100
-0.562 -0.100
-0.557 -0.100
-0.553 -0.100
-0.551 -0.100
-0.548 -0.100
-0.545 -0.100
-0.541 -0.200
-0.538 -0.200
-0.534 -0.200
-0.530 -0.200
-0.525 -0.100
-0.521 0.000
-0.517 -0.100
-0.513 -0.100
-0.510 -0.100
-0.507 -0.200
-0.503 -0.200
-0.500 -0.200
-0.497 -0.200
-0.493 -0.100
-0.489 -0.100
-0.485 -0.100
-0.482 0.000
-0.479 0.100
-0.475 0.000
-0.471 -0.100
-0.467 -0.200
-0.464 -0.100
-0.461 -0.100
-0.457 -0.100
-0.455 0.000
-0.453 0.000
-0.450 0.000
-0.447 0.000
-0.443 0.000
-0.438 0.000
-0.434 0.000
-0.429 0.100
-0.425 0.200
-0.420 0.200
-0.414 0.400
-0.408 0.800
-0.402 32.800
-0.398 50.700
-0.393 5.800
-0.390 0.600
-0.386 0.300
-0.383 0.200
-0.380 0.200
-0.377 0.200
-0.373 0.100
-0.370 0.100
-0.367 0.100
-0.363 0.100
-0.360 0.100
-0.356 0.100
-0.352 0.100
-0.347 0.000
-0.343 0.000
-0.339 0.000
-0.336 0.000
-0.333 0.000
-0.330 0.000
-0.327 0.000
-0.324 0.000
-0.322 0.000
-0.319 0.000
-0.315 -0.100
-0.310 -0.100
-0.305 -0.100
-0.301 0.000
-0.299 0.000
-0.297 0.800
-0.295 3.800
-0.293 6.200
-0.291 6.300
-0.288 2.900
-0.285 0.200
-0.281 0.000
-0.278 0.000
-0.275 0.000
-0.271 0.000
-0.269 0.000
-0.266 0.000
-0.264 0.100
-0.262 0.600
-0.260 0.900
-0.258 0.900
-0.256 0.500
-0.254 0.200
-0.250 0.100
-0.246 0.200
-0.241 0.200
-0.237 0.100
-0.234 0.100
-0.233 0.100
-0.231 0.100
-0.229 0.100
-0.227 0.100
-0.225 0.000
-0.223 0.000
-0.221 0.000
-0.220 0.000
-0.218 -0.100
-0.216 -0.100
-0.214 0.000
-0.211 0.000
-0.209 0.000
-0.206 0.000
-0.203 0.000
-0.201 0.000
-0.199 0.000
-0.197 0.000
-0.195 0.000
-0.193 0.000
-0.190 0.000
-0.188 -0.100
-0.186 -0.100
-0.184 -0.200
-0.182 -0.200
-0.180 -0.200
-0.177 -0.100
-0.175 -0.100
-0.173 0.000
-0.171 0.000
-0.169 0.000
-0.166 0.000
-0.164 0.000
-0.162 0.000
-0.161 0.000
-0.160 0.000
-0.159 0.000
-0.158 0.000
-0.156 0.000
-0.155 0.000
-0.154 0.000
-0.154 0.000
-0.153 0.000
-0.151 0.000
-0.149 0.000
-0.147 0.000
-0.145 0.000
-0.144 0.000
-0.143 0.000
-0.143 0.000
-0.142 0.000
-0.142 0.000
-0.140 0.000
-0.139 0.000
-0.137 0.000
-0.134 0.000
-0.132 0.000
-0.131 0.100
-0.130 0.100
-0.129 0.000
-0.128 0.000
-0.126 0.000
-0.124 0.000
-0.123 0.000
-0.122 0.100
-0.120 0.000
-0.117 0.100
-0.115 0.100
-0.113 0.100
-0.112 0.200
-0.110 0.200
-0.107 0.200
-0.105 0.200
-0.103 0.200
-0.102 0.100
-0.101 0.200
-0.099 0.200
-0.098 0.200
-0.096 0.200
-0.094 0.200
-0.093 0.200
-0.091 0.200
-0.088 0.200
-0.086 0.200
-0.084 0.300
-0.082 0.300
-0.080 0.300
-0.078 0.300
-0.077 0.300
-0.076 0.400
-0.075 0.300
-0.073 0.400
-0.072 0.300
-0.070 0.400
-0.069 0.400
-0.067 0.400
-0.065 0.400
-0.063 0.400
-0.060 0.500
-0.059 0.600
-0.057 0.600
-0.055 0.700
-0.055 0.600
-0.054 0.700
-0.053 0.700
-0.051 0.800
-0.050 0.800
-0.049 0.800
-0.048 0.800
-0.046 0.900
-0.045 0.900
-0.044 1.000
-0.043 1.000
-0.041 1.100
-0.040 1.000
-0.039 1.100
-0.038 1.200
-0.037 1.400
-0.036 1.400
-0.035 1.600
-0.035 1.600
-0.034 1.800
-0.033 1.800
-0.033 2.000
-0.033 1.900
-0.032 2.100
-0.032 2.000
-0.032 2.100
-0.031 2.100
-0.030 2.300
-0.029 2.400
-0.028 2.600
-0.027 2.600
-0.026 2.900
-0.025 2.900
-0.024 3.000
-0.023 3.100
-0.023 3.400
-0.022 3.400
-0.022 3.600
-0.022 3.500
-0.022 3.600
-0.021 3.600
-0.020 3.900
-0.018 4.200
-0.017 4.500
-0.017 4.700
-0.016 5.000
-0.015 5.100
-0.014 5.700
-0.013 6.300
-0.011 7.300
-0.009 8.600
-0.008 10.400
-0.006 11.500
-0.006 12.700
-0.005 13.600
-0.004 15.100
-0.003 17.700
-0.002 27.900
-0.001 60.000
0.000 97.100
0.000 97.100
0.000 97.000
0.001 97.000
0.002 97.000
0.002 97.000
0.003 97.000
0.004 96.900
0.004 97.000
0.005 97.000
0.005 97.000
0.006 96.900
0.006 97.000
0.008 97.000
0.009 97.000
0.009 97.000
0.010 97.000
0.010 96.100
0.011 62.900
0.012 42.200
0.013 25.600
0.014 17.600
0.016 14.000
0.018 12.500
0.018 12.000
0.018 11.900
0.019 11.200
0.020 10.400
0.022 9.600
0.023 8.700
0.024 8.200
0.024 8.200
0.024 8.100
0.025 8.000
0.025 7.600
0.026 7.100
0.027 6.700
0.028 6.400
0.029 6.200
0.030 6.000
0.031 5.600
0.032 5.400
0.033 5.100
0.033 4.900
0.034 4.700
0.034 4.800
0.034 4.900
0.034 5.000
0.034 4.900
0.034 5.200
0.034 5.200
0.034 5.300
0.033 5.300
0.033 5.500
0.033 6.200
0.033 7.000
0.033 7.000
0.033 7.300
0.033 7.100
0.033 7.200
0.033 7.100
0.033 7.200
0.033 7.100
0.033 7.300
0.033 7.100
0.033 7.300
0.033 6.900
0.033 7.100
0.033 7.100
0.033 7.100
0.033 6.900
0.033 7.200
0.033 7.000
0.033 7.300
0.033 7.100
0.033 7.100
0.033 7.000
0.033 7.100
0.033 6.800
0.033 7.100
0.033 6.500
0.033 7.000
0.033 6.900
0.033 7.100
0.033 6.800
0.033 7.100
0.033 6.800
0.033 6.900
0.033 6.300
0.033 6.600
0.033 6.600
0.033 6.700
0.033 6.500
0.033 6.800
0.033 6.600
0.033 6.900
0.033 6.300
0.033 6.800
0.033 6.400
0.033 6.800
0.033 6.600
0.033 6.800
0.033 6.500
0.033 6.700
0.033 6.400
0.033 6.600
0.033 6.400
0.033 6.300
0.033 5.500
0.034 5.600
0.034 5.500
0.034 5.500
0.034 5.200
0.034 5.500
0.035 4.900
0.037 4.500
0.038 4.000
0.041 3.600
0.043 3.000
0.045 2.700
0.047 2.300
0.048 2.300
0.051 2.100
0.054 2.000
0.056 1.800
0.058 1.700
0.059 1.500
0.060 1.500
0.062 1.400
0.064 1.200
0.066 1.100
0.067 0.900
0.069 0.800
0.070 0.800
0.071 0.700
0.072 0.600
0.073 0.500
0.075 0.500
0.076 0.400
0.078 0.400
0.080 0.200
0.083 0.300
0.084 0.200
0.085 0.200
0.085 0.300
0.086 0.200
0.087 0.200
0.088 0.200
0.089 0.200
0.089 0.200
0.090 0.200
0.091 0.200
0.093 0.200
0.094 0.200
0.094 0.100
0.094 0.200
0.095 0.100
0.096 0.100
0.097 0.000
0.097 0.000
0.097 0.000
0.098 0.100
0.099 0.100
0.100 0.100
0.102 0.200
0.102 0.000
0.103 0.000
0.104 0.000
0.106 0.000
0.106 0.000
0.106 0.000
0.107 0.000
0.108 0.000
0.108 0.100
0.109 0.100
0.110 0.100
0.112 0.000
0.113 0.100
0.115 0.000
0.115 0.000
0.115 0.000
0.116 0.000
0.116 0.000
0.116 0.000
0.116 0.000
0.116 0.000
0.116 0.100
0.116 0.000
0.116 0.100
0.116 0.000
0.116 0.100
0.119 0.000
0.121 0.000
0.123 0.000
0.124 0.000
0.126 0.000
0.129 0.000
0.131 0.100
0.132 0.100
0.134 0.100
0.136 0.000
0.138 0.000
0.139 0.100
0.143 0.000
0.147 0.000
0.149 0.000
0.152 0.000
0.154 0.000
0.158 0.000
0.161 0.000
0.166 0.000
0.170 0.000
0.173 -0.100
0.177 0.000
0.179 0.000
0.183 0.000
0.185 0.000
0.187 0.000
0.189 0.000
0.191 0.000
0.193 0.000
0.196 0.000
0.199 0.000
0.202 0.000
0.205 -0.100
0.207 -0.100
0.210 0.000
0.212 0.000
0.215 0.000
0.218 -0.100
0.220 0.000
0.222 -0.100
0.224 -0.100
0.226 0.000
0.228 -0.100
0.229 -0.100
0.230 -0.200
0.232 -0.200
0.233 -0.100
0.234 -0.100
0.236 -0.100
0.238 0.000
0.240 0.000
0.244 0.000
0.248 0.000
0.251 -0.100
0.253 -0.100
0.254 -0.100
0.255 0.000
0.257 0.000
0.258 0.000
0.259 0.000
0.261 0.000
0.262 0.000
0.264 0.000
0.265 0.000
0.268 0.000
0.270 0.300
0.273 0.300
0.274 0.200
0.276 0.000
0.278 0.000
0.281 0.000
0.283 0.000
0.285 0.000
0.288 0.000
0.291 0.000
0.294 0.000
0.297 -0.100
0.299 0.700
0.300 2.000
0.303 3.300
0.304 3.700
0.306 2.500
0.307 1.300
0.309 0.500
0.311 0.100
0.314 0.000
0.316 0.000
0.319 0.000
0.320 0.000
0.322 0.000
0.323 0.000
0.326 -0.100
0.328 0.000
0.330 -0.100
0.332 -0.100
0.335 -0.100
0.337 -0.200
0.340 -0.200
0.342 -0.200
0.344 -0.100
0.345 0.000
0.345 -0.100
0.346 0.000
0.347 0.000
0.348 0.000
0.350 0.000
0.351 0.000
0.353 0.000
0.354 0.000
0.355 -0.100
0.357 -0.100
0.358 -0.100
0.361 -0.100
0.362 0.000
0.364 -0.100
0.365 0.000
0.367 0.000
0.368 0.000
0.370 0.000
0.372 0.000
0.374 0.000
0.377 0.000
0.379 0.000
0.381 0.000
0.383 0.000
0.386 0.100
0.387 0.200
0.389 0.200
0.391 0.100
0.395 0.100
0.398 0.200
0.401 0.400
0.404 0.500
0.407 2.500
0.409 15.600
0.411 38.500
0.413 46.900
0.415 36.800
0.417 20.200
0.418 6.300
0.421 1.400
0.424 0.500
0.427 0.400
0.429 0.300
0.432 0.200
0.435 0.200
0.438 0.100
0.442 0.100
0.445 0.100
0.447 0.000
0.450 0.000
0.453 0.000
0.456 0.000
0.459 0.000
0.461 0.000
0.462 0.000
0.463 0.000
0.465 0.000
0.468 0.000
0.470 0.000
0.473 0.000
0.475 0.000
0.478 -0.200
0.481 -0.200
0.483 -0.200
0.486 -0.200
0.488 -0.200
0.491 0.000
0.493 0.000
0.494 0.000
0.495 0.000
0.495 0.000
0.497 0.000
0.498 0.000
0.500 -0.100
0.503 -0.100
0.504 -0.100
0.506 -0.100
0.508 -0.100
0.510 -0.100
0.512 -0.100
0.514 -0.200
0.516 -0.200
0.518 -0.200
0.521 -0.200
0.522 -0.100
0.524 -0.100
0.525 -0.100
0.528 -0.100
0.530 -0.100
0.533 -0.200
0.536 -0.100
0.539 -0.100
0.542 0.000
0.544 -0.100
0.545 -0.100
0.547 -0.100
0.550 -0.100
0.552 -0.100
0.554 -0.100
0.556 -0.100
0.558 -0.100
0.559 -0.100
0.560 -0.200
0.562 -0.100
0.564 -0.100
0.566 -0.100
0.568 -0.100
0.569 -0.200
0.571 -0.100
0.572 -0.200
0.573 -0.100
0.574 -0.200
0.575 -0.200
0.576 -0.200
0.578 -0.200
0.580 -0.200
0.582 -0.100
0.584 -0.200
0.585 -0.100
0.588 -0.100
0.590 -0.100
0.592 -0.100
0.595 -0.100
0.596 -0.100
0.598 -0.100
0.600 -0.100
0.604 -0.100
0.608 -0.200
0.612 -0.100
0.615 -0.100
0.617 -0.200
0.620 -0.100
0.622 -0.100
0.624 -0.100
0.627 -0.100
0.630 -0.100
0.633 0.100
0.635 0.200
0.638 0.000
0.640 0.000
0.643 -0.100
0.646 -0.200
0.649 -0.100
0.650 -0.200
0.652 -0.200
0.654 -0.200
0.657 -0.200
0.660 -0.100
0.662 -0.100
0.666 -0.200
0.669 -0.100
0.673 -0.200
0.675 -0.200
0.678 -0.200
0.680 -0.200
0.682 -0.200
0.684 -0.100
0.687 -0.200
0.690 -0.200
0.693 -0.200
0.695 -0.200
0.696 -0.200
0.698 -0.100
0.701 -0.100
0.704 -0.200
0.707 -0.200
0.711 -0.200
0.714 -0.200
0.717 -0.100
0.720 -0.200
0.723 -0.300
0.727 -0.200
0.729 -0.300
0.731 -0.200
0.734 -0.200
0.737 -0.200
0.741 -0.100
0.743 -0.200
0.745 -0.200
0.747 -0.200
0.750 -0.200
0.754 -0.100
0.758 -0.100
0.762 -0.200
0.767 -0.200
0.770 -0.200
0.773 -0.200
0.775 -0.200
0.777 -0.200
0.780 -0.100
0.783 -0.200
0.786 -0.200
0.788 -0.100
0.788 -0.200
0.789 -0.200
0.791 -0.100
0.793 -0.200
0.795 -0.100
0.797 -0.200
0.801 -0.200
0.805 -0.200
0.808 -0.100
0.812 -0.200
0.816 -0.100
0.820 -0.200
0.824 -0.100
0.827 -0.200
0.829 -0.200
0.832 -0.200
0.833 -0.200
0.835 -0.300
0.837 -0.300
0.838 -0.200
0.841 -0.200
0.842 -0.200
0.844 -0.200
0.845 -0.100
0.847 -0.100
0.850 -0.100
0.853 -0.200
0.856 -0.200
0.860 -0.200
0.865 -0.200
0.869 -0.100
0.873 -0.200
0.877 -0.200
0.881 -0.200
0.885 -0.200
0.888 -0.200
0.891 -0.200
0.894 -0.200
0.897 -0.200
0.900 -0.100
0.905 -0.100
0.908 -0.200
0.911 -0.200
0.912 -0.200
0.913 -0.200
0.916 -0.200
0.919 -0.200
0.922 0.000
0.926 1.000
0.929 1.800
0.932 1.700
0.935 0.700
0.938 0.100
0.939 0.000
0.941 0.000
0.942 -0.100
0.944 -0.100
0.946 -0.100
0.948 -0.100
0.951 -0.100
0.955 -0.100
0.958 -0.200
0.961 -0.200
0.963 -0.200
0.964 -0.200
0.965 -0.200
0.966 -0.200
0.967 -0.200
0.969 -0.100
0.973 -0.200
0.977 -0.100
0.983 -0.200
0.988 -0.200
0.994 -0.300
1.000 -0.300
1.006 -0.300
1.010 -0.300
1.016 -0.200
1.021 -0.200
1.027 -0.200
1.033 -0.100
1.040 -0.200
1.046 -0.100
1.052 -0.100
1.056 -0.100
1.059 -0.100
1.063 -0.100
1.066 -0.100
1.070 -0.100
1.076 -0.200
1.081 -0.200
1.087 -0.200
1.093 -0.100
1.099 -0.100
1.105 0.000
1.109 -0.100
1.113 0.000
1.115 -0.200
1.116 -0.200
1.117 -0.200
1.116 -0.200
1.116 -0.200
1.116 -0.200
1.116 -0.200
1.116 -0.100
1.116 -0.100
1.116 -0.100
1.116 -0.100
1.116 -0.100
1.116 -0.100
1.116 -0.100
1.116 -0.100
1.116 -0.100
1.116 -0.100
1.116 -0.100
1.116 -0.100
1.116 -0.100
1.116 -0.100
1.116 -0.100
1.116 -0.100
1.116 -0.200
1.116 -0.100
1.116 -0.100
1.116 -0.100
1.116 -0.100
1.116 -0.100
1.116 -0.100
1.116 -0.100
1.116 -0.200
1.116 -0.100
1.116 -0.100
1.116 -0.200
1.116 -0.200
1.116 -0.100
1.116 -0.100
1.116 -0.100
1.116 -0.100
1.116 -0.100
1.116 -0.100
1.116 -0.100
1.116 -0.100
1.116 -0.100
1.116 0.000
1.116 0.000
1.116 -0.100
1.116 -0.100
1.116 -0.100
1.116 -0.100
1.116 -0.200
1.116 -0.100
1.116 -0.200
1.116 -0.200
1.116 -0.200
1.116 -0.200
1.116 -0.200
1.116 -0.200
1.116 -0.300
1.116 -0.200
1.116 -0.200
1.116 -0.200
1.116 -0.300
1.116 -0.300
1.116 -0.300
1.116 -0.200
1.116 -0.200
1.116 -0.200
1.116 -0.300
1.116 -0.300
1.116 -0.200
1.116 -0.200
1.116 -0.200
1.116 -0.200
1.116 -0.200
1.116 -0.300
1.116 -0.300
1.116 -0.200
1.116 -0.300
1.116 -0.300
1.116 -0.300
1.116 -0.300
