Light Intensity, Ch A vs Actual Angular Position, Run #4
Actual Angular Position (  )	Light Intensity, Ch A ( % max )
-1.107 -0.200
-1.107 -0.100
-1.107 -0.100
-1.107 -0.100
-1.107 -0.100
-1.107 -0.200
-1.107 -0.100
-1.107 -0.100
-1.107 -0.100
-1.107 -0.200
-1.107 -0.100
-1.107 -0.100
-1.107 -0.200
-1.107 -0.300
-1.107 -0.200
-1.107 -0.200
-1.106 -0.100
-1.106 -0.100
-1.106 -0.100
-1.106 -0.100
-1.106 -0.100
-1.106 -0.100
-1.103 -0.100
-1.097 -0.200
-1.089 -0.200
-1.083 -0.300
-1.078 -0.300
-1.074 -0.300
-1.071 -0.200
-1.068 -0.100
-1.064 -0.100
-1.060 -0.100
-1.054 -0.100
-1.047 -0.100
-1.041 -0.100
-1.038 -0.100
-1.034 -0.100
-1.031 -0.100
-1.028 -0.100
-1.026 -0.100
-1.025 -0.100
-1.024 -0.200
-1.024 -0.200
-1.021 -0.200
-1.017 -0.200
-1.012 -0.200
-1.007 -0.300
-1.004 -0.300
-1.003 -0.200
-1.002 -0.300
-1.000 -0.200
-0.997 -0.200
-0.992 -0.100
-0.985 -0.200
-0.979 -0.100
-0.973 -0.200
-0.968 -0.100
-0.963 -0.200
-0.957 -0.200
-0.950 -0.200
-0.943 -0.200
-0.937 -0.300
-0.932 -0.300
-0.927 -0.200
-0.922 -0.200
-0.916 -0.100
-0.912 -0.100
-0.909 -0.200
-0.906 -0.100
-0.903 -0.200
-0.901 -0.200
-0.899 -0.300
-0.897 -0.300
-0.894 -0.100
-0.890 0.300
-0.885 0.600
-0.881 0.200
-0.877 0.000
-0.874 -0.100
-0.872 -0.100
-0.870 -0.100
-0.870 -0.100
-0.869 -0.100
-0.866 -0.100
-0.862 -0.100
-0.858 -0.100
-0.855 -0.100
-0.853 -0.200
-0.850 -0.200
-0.847 -0.200
-0.844 -0.300
-0.841 -0.300
-0.838 -0.200
-0.836 -0.100
-0.833 -0.100
-0.830 -0.200
-0.828 -0.100
-0.825 -0.200
-0.822 -0.100
-0.818 -0.200
-0.815 -0.200
-0.810 -0.300
-0.807 -0.200
-0.803 -0.100
-0.800 -0.100
-0.797 -0.200
-0.795 -0.100
-0.791 -0.100
-0.787 -0.200
-0.782 -0.300
-0.777 -0.200
-0.773 -0.100
-0.771 -0.100
-0.769 -0.100
-0.767 -0.100
-0.764 -0.100
-0.761 -0.200
-0.758 -0.300
-0.754 -0.100
-0.750 -0.100
-0.745 -0.100
-0.740 -0.200
-0.738 -0.100
-0.736 -0.200
-0.736 -0.100
-0.735 -0.200
-0.735 -0.200
-0.735 -0.100
-0.734 -0.200
-0.733 -0.100
-0.731 -0.200
-0.729 -0.100
-0.727 -0.200
-0.725 -0.200
-0.723 -0.200
-0.722 -0.200
-0.721 -0.200
-0.720 -0.200
-0.718 -0.300
-0.716 -0.300
-0.713 -0.200
-0.709 -0.100
-0.706 -0.100
-0.703 -0.100
-0.702 -0.100
-0.701 -0.100
-0.699 -0.100
-0.696 -0.100
-0.693 -0.200
-0.690 -0.100
-0.687 -0.200
-0.684 -0.100
-0.682 -0.200
-0.680 -0.100
-0.677 -0.100
-0.674 -0.100
-0.670 -0.200
-0.667 -0.200
-0.664 -0.100
-0.661 -0.100
-0.658 -0.100
-0.654 -0.100
-0.649 -0.100
-0.645 -0.200
-0.641 -0.200
-0.638 -0.200
-0.635 -0.300
-0.633 -0.300
-0.630 -0.200
-0.626 -0.100
-0.621 -0.100
-0.617 -0.100
-0.614 -0.100
-0.611 0.000
-0.609 0.000
-0.606 -0.100
-0.604 -0.100
-0.602 -0.200
-0.600 -0.300
-0.597 -0.100
-0.594 -0.100
-0.591 -0.100
-0.588 -0.100
-0.584 -0.100
-0.581 -0.100
-0.578 -0.100
-0.574 -0.100
-0.570 -0.100
-0.566 -0.200
-0.563 -0.100
-0.560 -0.100
-0.558 -0.100
-0.556 -0.100
-0.553 -0.100
-0.550 -0.100
-0.546 -0.100
-0.543 -0.100
-0.539 -0.200
-0.535 -0.200
-0.530 -0.200
-0.526 -0.100
-0.521 0.000
-0.519 0.000
-0.517 -0.100
-0.515 -0.100
-0.514 -0.200
-0.511 -0.200
-0.508 -0.200
-0.505 -0.200
-0.502 -0.200
-0.501 -0.200
-0.500 -0.200
-0.498 -0.100
-0.497 -0.100
-0.494 0.000
-0.492 0.000
-0.490 -0.100
-0.488 -0.100
-0.485 -0.200
-0.483 -0.100
-0.481 0.000
-0.478 0.100
-0.475 0.100
-0.473 0.000
-0.470 0.000
-0.468 0.000
-0.466 0.000
-0.464 0.000
-0.462 0.000
-0.459 0.000
-0.457 0.000
-0.454 0.000
-0.451 0.000
-0.449 -0.100
-0.446 -0.200
-0.444 0.000
-0.441 0.000
-0.437 0.000
-0.431 0.000
-0.427 0.000
-0.423 0.000
-0.421 0.100
-0.421 0.100
-0.420 0.000
-0.418 0.000
-0.414 0.100
-0.410 0.300
-0.406 0.500
-0.404 1.200
-0.402 7.100
-0.400 23.700
-0.398 51.400
-0.397 61.300
-0.395 48.900
-0.393 25.800
-0.392 12.100
-0.390 4.600
-0.389 1.800
-0.386 0.700
-0.384 0.500
-0.383 0.400
-0.381 0.400
-0.380 0.400
-0.379 0.300
-0.377 0.200
-0.375 0.200
-0.372 0.100
-0.370 0.200
-0.367 0.200
-0.365 0.200
-0.363 0.100
-0.361 0.100
-0.359 0.100
-0.358 0.100
-0.357 0.000
-0.355 0.000
-0.353 0.100
-0.351 0.100
-0.349 0.100
-0.346 0.100
-0.343 0.000
-0.341 -0.100
-0.339 -0.100
-0.337 -0.100
-0.335 0.000
-0.333 0.000
-0.330 0.000
-0.328 0.000
-0.327 0.000
-0.325 0.000
-0.323 -0.100
-0.322 0.000
-0.320 0.000
-0.318 0.000
-0.316 0.000
-0.314 0.000
-0.312 0.000
-0.310 -0.100
-0.307 0.000
-0.303 0.000
-0.301 0.000
-0.298 0.000
-0.296 0.100
-0.294 0.900
-0.292 3.000
-0.290 5.900
-0.288 6.600
-0.286 4.000
-0.284 1.300
-0.281 0.200
-0.279 0.100
-0.276 0.100
-0.274 0.100
-0.271 0.100
-0.269 0.100
-0.267 0.100
-0.264 0.100
-0.260 0.200
-0.257 1.000
-0.253 0.800
-0.251 0.300
-0.249 0.100
-0.247 0.000
-0.245 0.100
-0.243 0.100
-0.241 0.200
-0.238 0.200
-0.235 0.100
-0.232 0.100
-0.229 0.100
-0.226 0.100
-0.223 0.100
-0.220 0.100
-0.217 0.000
-0.214 0.100
-0.211 0.000
-0.209 0.100
-0.206 0.000
-0.204 0.000
-0.200 0.000
-0.197 0.000
-0.194 0.000
-0.191 0.000
-0.188 0.000
-0.185 0.000
-0.182 0.000
-0.178 0.000
-0.175 0.000
-0.172 0.000
-0.169 0.000
-0.167 0.000
-0.166 0.000
-0.165 0.000
-0.163 0.000
-0.160 0.000
-0.157 0.000
-0.156 0.000
-0.155 0.000
-0.154 0.000
-0.152 0.000
-0.150 0.000
-0.148 0.000
-0.146 0.000
-0.144 0.000
-0.142 0.000
-0.139 0.000
-0.136 0.000
-0.134 0.100
-0.131 0.100
-0.129 0.000
-0.127 0.100
-0.125 0.100
-0.124 0.000
-0.123 0.000
-0.121 0.100
-0.120 0.000
-0.118 0.100
-0.116 0.100
-0.114 0.100
-0.112 0.100
-0.109 0.100
-0.106 0.100
-0.103 0.200
-0.100 0.200
-0.097 0.100
-0.094 0.100
-0.092 0.100
-0.089 0.100
-0.086 0.100
-0.084 0.100
-0.081 0.100
-0.079 0.200
-0.077 0.300
-0.075 0.300
-0.073 0.300
-0.071 0.400
-0.069 0.400
-0.067 0.400
-0.065 0.500
-0.063 0.500
-0.060 0.500
-0.057 0.600
-0.054 0.700
-0.052 0.700
-0.050 0.800
-0.049 0.900
-0.047 1.000
-0.045 1.200
-0.042 1.300
-0.039 1.400
-0.037 1.300
-0.035 1.300
-0.033 1.300
-0.030 1.400
-0.028 1.600
-0.026 1.800
-0.023 2.100
-0.021 2.400
-0.019 2.700
-0.018 3.200
-0.016 3.800
-0.014 4.500
-0.011 5.400
-0.009 6.700
-0.006 8.800
-0.003 13.100
0.000 97.100
0.005 97.000
0.010 97.000
0.015 45.600
0.018 11.900
0.022 9.100
0.024 7.600
0.026 7.000
0.027 6.300
0.029 5.900
0.031 5.300
0.033 4.800
0.035 4.200
0.037 3.500
0.040 3.000
0.042 2.600
0.045 2.200
0.049 2.100
0.052 1.800
0.055 1.700
0.058 1.500
0.060 1.400
0.063 1.200
0.065 1.200
0.067 0.900
0.070 0.800
0.072 0.600
0.075 0.400
0.077 0.300
0.080 0.300
0.083 0.200
0.085 0.200
0.086 0.200
0.087 0.200
0.087 0.200
0.089 0.200
0.091 0.200
0.094 0.100
0.097 0.100
0.100 0.100
0.104 0.100
0.108 0.100
0.111 0.000
0.115 0.100
0.119 0.000
0.122 0.000
0.124 -0.100
0.127 0.000
0.130 -0.100
0.133 0.000
0.137 0.000
0.140 0.000
0.143 0.000
0.146 0.000
0.148 0.000
0.150 0.000
0.153 0.000
0.156 0.000
0.158 0.000
0.159 0.000
0.161 0.000
0.162 0.000
0.163 0.000
0.164 0.000
0.166 0.000
0.168 0.000
0.170 0.000
0.171 0.000
0.173 0.000
0.174 0.000
0.176 0.000
0.178 0.000
0.179 0.000
0.180 0.000
0.180 0.000
0.181 -0.100
0.182 -0.100
0.183 -0.100
0.184 -0.200
0.185 -0.200
0.185 -0.200
0.186 -0.100
0.187 0.000
0.188 0.000
0.189 -0.100
0.190 -0.100
0.191 -0.100
0.192 0.000
0.193 0.000
0.194 0.000
0.195 -0.100
0.196 -0.100
0.197 0.000
0.199 -0.100
0.199 -0.100
0.201 -0.100
0.202 -0.100
0.204 -0.200
0.205 -0.200
0.206 -0.200
0.207 -0.100
0.209 0.000
0.210 0.000
0.211 -0.100
0.212 -0.100
0.212 0.000
0.213 0.000
0.215 -0.100
0.216 -0.100
0.218 -0.100
0.220 -0.100
0.222 0.000
0.225 -0.100
0.227 -0.100
0.228 -0.100
0.229 -0.100
0.231 -0.100
0.233 0.000
0.234 -0.100
0.236 0.000
0.237 -0.100
0.238 -0.200
0.240 0.000
0.241 0.000
0.242 0.000
0.244 0.000
0.245 0.000
0.246 0.000
0.247 0.000
0.249 0.000
0.251 0.000
0.252 0.000
0.254 0.000
0.256 0.000
0.259 0.100
0.261 0.100
0.262 0.000
0.263 0.000
0.264 0.000
0.265 0.000
0.266 0.000
0.267 0.000
0.269 0.000
0.271 0.100
0.273 0.300
0.273 0.500
0.273 0.500
0.275 0.400
0.277 0.300
0.279 0.100
0.279 0.000
0.279 0.000
0.281 0.000
0.282 -0.100
0.282 0.000
0.282 -0.100
0.282 -0.100
0.282 -0.200
0.283 0.000
0.284 0.000
0.286 0.000
0.289 0.000
0.291 0.000
0.293 0.000
0.294 0.000
0.295 0.000
0.297 0.000
0.298 0.000
0.299 0.100
0.301 0.700
0.302 2.000
0.304 3.200
0.306 3.800
0.308 2.400
0.311 0.700
0.313 0.100
0.316 0.000
0.318 0.000
0.321 0.000
0.323 0.000
0.325 0.000
0.326 0.000
0.328 0.000
0.329 -0.100
0.330 -0.100
0.332 -0.200
0.334 0.000
0.336 0.000
0.338 0.000
0.341 0.000
0.342 0.000
0.344 0.000
0.346 0.000
0.347 0.000
0.349 0.000
0.350 0.000
0.352 0.000
0.354 0.000
0.356 0.000
0.358 -0.100
0.360 -0.100
0.361 -0.100
0.363 0.000
0.365 0.000
0.366 0.000
0.369 0.000
0.371 0.000
0.373 0.000
0.376 0.000
0.379 0.000
0.382 0.000
0.385 0.000
0.388 0.000
0.392 0.000
0.395 0.100
0.400 0.100
0.403 0.200
0.406 0.300
0.408 0.500
0.411 5.800
0.414 28.100
0.418 36.100
0.421 10.000
0.424 1.300
0.426 0.400
0.428 0.300
0.430 0.200
0.433 0.200
0.436 0.100
0.439 0.100
0.443 0.000
0.446 0.000
0.449 -0.100
0.452 -0.100
0.455 0.000
0.458 0.000
0.462 0.000
0.465 0.000
0.468 0.000
0.470 0.000
0.474 -0.200
0.478 -0.200
0.482 -0.100
0.486 0.000
0.489 -0.100
0.490 -0.100
0.491 -0.100
0.492 -0.100
0.494 -0.100
0.495 0.000
0.496 0.000
0.499 0.000
0.504 -0.200
0.509 -0.300
0.516 -0.200
0.521 -0.100
0.526 -0.100
0.532 -0.100
0.537 -0.100
0.542 -0.100
0.547 0.000
0.551 -0.100
0.556 -0.100
0.560 -0.100
0.564 -0.100
0.568 -0.100
0.572 -0.300
0.577 -0.200
0.581 -0.100
0.586 -0.100
0.589 -0.100
0.593 -0.100
0.597 -0.100
0.600 -0.100
0.603 -0.100
0.605 -0.100
0.607 -0.100
0.610 -0.100
0.614 -0.100
0.619 -0.100
0.624 -0.100
0.627 -0.100
0.630 -0.100
0.632 -0.100
0.635 -0.100
0.638 0.000
0.642 0.200
0.645 0.100
0.649 -0.100
0.652 -0.100
0.655 -0.100
0.660 -0.100
0.665 -0.300
0.670 -0.300
0.676 -0.200
0.680 -0.100
0.685 -0.200
0.689 -0.300
0.693 -0.200
0.696 -0.200
0.701 -0.200
0.705 -0.200
0.711 -0.100
0.716 -0.100
0.721 -0.100
0.728 -0.100
0.737 -0.100
0.745 -0.200
0.752 -0.100
0.758 -0.200
0.763 -0.100
0.766 -0.200
0.767 -0.200
0.768 -0.200
0.770 -0.200
0.773 -0.200
0.776 -0.200
0.780 -0.200
0.785 -0.300
0.788 -0.300
0.791 -0.200
0.796 -0.200
0.800 -0.200
0.805 -0.100
0.811 -0.100
0.816 -0.200
0.822 -0.200
0.827 -0.100
0.833 -0.100
0.837 -0.200
0.841 -0.200
0.845 -0.200
0.848 -0.200
0.853 -0.200
0.859 -0.200
0.864 -0.200
0.868 -0.100
0.872 -0.200
0.878 -0.300
0.883 -0.200
0.890 -0.100
0.895 -0.100
0.900 -0.200
0.905 -0.100
0.910 -0.200
0.915 -0.100
0.920 -0.200
0.927 -0.100
0.934 -0.100
0.941 1.100
0.946 1.600
0.950 0.700
0.953 0.100
0.957 0.000
0.961 -0.100
0.966 -0.100
0.972 -0.100
0.979 -0.100
0.987 -0.100
0.993 -0.200
0.998 -0.100
1.002 -0.100
1.004 -0.100
1.008 -0.200
1.013 -0.200
1.017 -0.100
1.021 -0.200
1.024 -0.100
1.027 -0.200
1.028 -0.100
1.031 -0.100
1.033 -0.100
1.037 -0.100
1.041 -0.100
1.046 -0.200
1.051 -0.200
1.055 -0.200
1.059 -0.200
1.063 -0.200
1.068 -0.200
1.072 -0.200
1.076 -0.100
1.080 -0.200
1.084 -0.200
1.087 -0.200
1.090 -0.200
1.093 -0.200
1.096 -0.200
1.100 -0.200
1.104 -0.100
1.108 -0.200
1.112 -0.200
1.115 -0.100
1.117 -0.200
1.118 -0.200
1.118 -0.200
1.118 -0.200
1.118 -0.300
1.118 -0.200
1.118 -0.300
1.118 -0.300
1.118 -0.300
1.118 -0.200
1.118 -0.100
1.118 -0.100
1.118 -0.100
1.118 -0.100
1.118 -0.100
1.118 -0.100
1.118 -0.200
1.118 -0.100
1.118 -0.100
1.118 -0.200
1.118 -0.100
1.118 -0.100
1.118 -0.100
1.118 -0.200
1.118 -0.200
1.118 -0.200
1.118 -0.100
1.118 -0.100
1.118 -0.200
1.117 -0.200
1.117 -0.200
1.117 -0.200
1.117 -0.200
1.117 -0.200
1.117 -0.200
1.117 -0.200
1.117 -0.300
1.117 -0.300
1.117 -0.200
1.117 -0.300
1.117 -0.300
1.117 -0.200
1.117 -0.300
1.117 -0.300
1.117 -0.300
1.117 -0.100
1.117 -0.200
1.117 -0.200
1.117 -0.200
1.117 -0.100
1.117 -0.100
1.117 -0.200
1.117 -0.200
1.117 -0.200
1.117 -0.200
1.117 -0.100
1.117 -0.100
1.117 -0.200
1.117 -0.200
1.117 -0.200
1.117 -0.200
1.117 -0.300
1.117 -0.200
1.117 -0.100
1.117 -0.100
1.117 -0.200
1.117 -0.200
1.117 -0.200
1.117 -0.200
1.117 -0.100
1.117 -0.200
1.117 -0.200
1.117 -0.200
1.117 -0.100
1.117 -0.200
1.117 -0.100
1.117 -0.200
1.117 -0.200
1.117 -0.200
1.117 -0.200
1.117 -0.200
1.117 -0.200
1.117 -0.200
1.117 -0.200
1.117 -0.200
1.117 -0.200
1.117 -0.200
1.117 -0.200
1.117 -0.200
1.117 -0.200
1.117 -0.200
1.117 -0.200
1.117 -0.300
1.117 -0.300
1.117 -0.300
1.117 -0.300
1.117 -0.300
