Light Intensity, Ch A vs Actual Angular Position, Run #8
Actual Angular Position (  )	Light Intensity, Ch A ( % max )
-1.143 -0.200
-1.143 -0.200
-1.143 -0.200
-1.143 -0.300
-1.143 -0.200
-1.143 -0.200
-1.143 -0.200
-1.143 -0.200
-1.143 -0.200
-1.143 -0.300
-1.143 -0.300
-1.143 -0.200
-1.143 -0.200
-1.143 -0.200
-1.143 -0.100
-1.142 -0.200
-1.142 -0.200
-1.142 -0.200
-1.142 -0.200
-1.142 -0.200
-1.142 -0.100
-1.142 -0.200
-1.142 -0.300
-1.142 -0.300
-1.142 -0.100
-1.142 -0.200
-1.142 -0.100
-1.142 -0.200
-1.141 -0.200
-1.139 -0.200
-1.138 -0.200
-1.136 -0.100
-1.135 -0.200
-1.133 -0.300
-1.132 -0.300
-1.130 -0.200
-1.127 -0.200
-1.124 -0.200
-1.120 -0.200
-1.117 -0.200
-1.115 -0.200
-1.113 -0.200
-1.111 -0.200
-1.109 -0.300
-1.107 -0.300
-1.104 -0.300
-1.101 -0.200
-1.098 -0.200
-1.096 -0.200
-1.094 -0.200
-1.092 -0.200
-1.090 -0.200
-1.088 -0.200
-1.087 -0.300
-1.085 -0.200
-1.083 -0.200
-1.081 -0.200
-1.079 -0.200
-1.078 -0.200
-1.077 -0.200
-1.075 -0.200
-1.073 -0.200
-1.070 -0.200
-1.068 -0.200
-1.066 -0.200
-1.064 -0.200
-1.062 -0.300
-1.060 -0.200
-1.058 -0.200
-1.056 -0.200
-1.054 -0.200
-1.052 -0.200
-1.050 -0.300
-1.048 -0.200
-1.046 -0.200
-1.044 -0.200
-1.041 -0.200
-1.038 -0.200
-1.035 -0.200
-1.033 0.000
-1.030 0.000
-1.028 0.100
-1.026 0.100
-1.023 0.100
-1.021 0.000
-1.018 -0.100
-1.016 0.000
-1.014 -0.100
-1.011 -0.200
-1.009 -0.200
-1.006 -0.200
-1.004 -0.200
-1.002 -0.200
-1.000 -0.200
-0.997 -0.200
-0.994 -0.400
-0.991 -0.200
-0.988 -0.200
-0.985 -0.200
-0.983 -0.200
-0.980 -0.200
-0.976 -0.200
-0.973 -0.200
-0.969 -0.200
-0.966 -0.200
-0.963 -0.200
-0.960 -0.200
-0.958 -0.200
-0.956 -0.300
-0.954 -0.200
-0.953 -0.200
-0.951 -0.100
-0.949 -0.200
-0.948 -0.200
-0.946 -0.200
-0.944 -0.200
-0.943 -0.200
-0.941 -0.200
-0.939 -0.200
-0.937 -0.200
-0.935 -0.200
-0.933 -0.200
-0.931 -0.300
-0.929 -0.200
-0.927 -0.200
-0.925 -0.200
-0.923 -0.200
-0.920 -0.200
-0.919 -0.300
-0.917 -0.200
-0.916 -0.200
-0.914 -0.200
-0.913 -0.200
-0.911 -0.200
-0.909 -0.200
-0.908 -0.200
-0.907 -0.200
-0.906 -0.200
-0.904 -0.300
-0.901 -0.300
-0.898 -0.300
-0.895 -0.200
-0.892 -0.200
-0.889 -0.100
-0.886 -0.200
-0.884 -0.200
-0.882 -0.200
-0.881 -0.200
-0.880 -0.200
-0.879 -0.200
-0.878 -0.200
-0.876 -0.200
-0.874 -0.200
-0.873 -0.200
-0.871 -0.200
-0.869 -0.200
-0.868 -0.200
-0.867 -0.200
-0.866 -0.200
-0.865 -0.200
-0.864 -0.300
-0.863 -0.300
-0.862 -0.200
-0.861 -0.200
-0.859 -0.200
-0.858 -0.200
-0.857 -0.200
-0.856 -0.200
-0.855 -0.200
-0.854 -0.200
-0.853 -0.200
-0.852 -0.200
-0.851 -0.200
-0.849 -0.200
-0.848 -0.200
-0.847 -0.200
-0.846 -0.300
-0.845 -0.300
-0.845 -0.200
-0.844 -0.200
-0.843 -0.200
-0.842 -0.200
-0.841 -0.200
-0.840 -0.200
-0.839 -0.300
-0.837 -0.200
-0.835 -0.100
-0.833 -0.300
-0.831 -0.300
-0.828 -0.200
-0.827 -0.200
-0.825 -0.200
-0.824 -0.200
-0.823 -0.200
-0.823 -0.300
-0.822 -0.300
-0.821 -0.200
-0.819 -0.200
-0.818 -0.200
-0.817 -0.200
-0.816 -0.200
-0.815 -0.300
-0.813 -0.200
-0.812 -0.200
-0.811 -0.200
-0.810 -0.200
-0.808 -0.200
-0.807 -0.200
-0.806 -0.200
-0.806 -0.300
-0.805 -0.200
-0.805 -0.200
-0.804 -0.200
-0.803 -0.200
-0.802 -0.200
-0.801 -0.200
-0.800 -0.300
-0.799 -0.300
-0.798 -0.200
-0.797 -0.200
-0.796 -0.100
-0.795 -0.200
-0.795 -0.200
-0.794 -0.200
-0.793 -0.200
-0.792 -0.200
-0.791 -0.200
-0.791 -0.100
-0.790 -0.200
-0.789 -0.300
-0.788 -0.200
-0.788 -0.100
-0.787 -0.200
-0.786 -0.200
-0.785 -0.200
-0.784 -0.200
-0.784 -0.200
-0.783 -0.200
-0.783 -0.300
-0.783 -0.300
-0.782 -0.200
-0.782 -0.200
-0.782 -0.200
-0.782 -0.200
-0.781 -0.100
-0.781 -0.200
-0.780 -0.300
-0.780 -0.200
-0.780 -0.200
-0.780 -0.200
-0.780 -0.200
-0.780 -0.200
-0.780 -0.300
-0.779 -0.200
-0.778 -0.200
-0.778 -0.200
-0.778 -0.100
-0.777 -0.200
-0.777 -0.200
-0.776 -0.300
-0.776 -0.200
-0.776 -0.100
-0.775 -0.200
-0.774 -0.100
-0.773 -0.200
-0.773 -0.200
-0.773 -0.300
-0.773 -0.200
-0.772 -0.200
-0.771 -0.200
-0.771 -0.200
-0.771 -0.300
-0.771 -0.300
-0.770 -0.200
-0.768 -0.200
-0.766 -0.200
-0.764 -0.200
-0.763 -0.200
-0.762 -0.200
-0.760 -0.200
-0.758 -0.200
-0.756 -0.200
-0.755 -0.200
-0.753 -0.100
-0.752 -0.200
-0.751 -0.200
-0.749 -0.200
-0.748 -0.200
-0.748 -0.200
-0.748 -0.200
-0.748 -0.100
-0.748 -0.200
-0.748 -0.200
-0.747 -0.200
-0.747 -0.200
-0.747 -0.200
-0.747 -0.300
-0.745 -0.200
-0.743 -0.100
-0.741 -0.100
-0.739 -0.200
-0.738 -0.100
-0.738 -0.200
-0.738 -0.200
-0.738 -0.200
-0.737 -0.300
-0.735 -0.200
-0.734 -0.200
-0.733 -0.200
-0.732 -0.200
-0.731 -0.200
-0.730 -0.200
-0.729 -0.200
-0.727 -0.200
-0.726 -0.200
-0.724 -0.200
-0.723 -0.200
-0.722 -0.100
-0.720 -0.200
-0.719 -0.200
-0.718 -0.200
-0.717 -0.200
-0.716 -0.200
-0.716 -0.200
-0.715 -0.200
-0.713 -0.200
-0.712 -0.200
-0.711 -0.100
-0.710 -0.200
-0.710 -0.200
-0.709 -0.200
-0.708 -0.200
-0.708 -0.300
-0.707 -0.200
-0.707 -0.200
-0.707 -0.200
-0.707 -0.200
-0.706 -0.200
-0.705 -0.200
-0.704 -0.100
-0.704 -0.200
-0.703 -0.200
-0.703 -0.200
-0.702 -0.200
-0.701 -0.300
-0.700 -0.100
-0.700 -0.200
-0.699 -0.200
-0.699 -0.200
-0.698 -0.100
-0.698 -0.200
-0.697 -0.200
-0.696 -0.200
-0.696 -0.300
-0.695 -0.200
-0.694 -0.200
-0.694 -0.200
-0.693 -0.200
-0.693 -0.100
-0.692 -0.200
-0.691 -0.200
-0.691 -0.100
-0.690 -0.200
-0.689 -0.200
-0.689 -0.300
-0.688 -0.300
-0.688 -0.200
-0.687 -0.200
-0.687 -0.100
-0.686 -0.200
-0.686 -0.100
-0.685 -0.200
-0.684 -0.300
-0.684 -0.200
-0.683 -0.200
-0.683 -0.100
-0.683 -0.100
-0.682 -0.200
-0.682 -0.200
-0.681 -0.200
-0.680 -0.100
-0.680 -0.300
-0.680 -0.200
-0.679 -0.200
-0.679 -0.200
-0.678 -0.200
-0.678 -0.100
-0.678 -0.100
-0.677 -0.200
-0.677 -0.200
-0.676 -0.200
-0.675 -0.200
-0.675 -0.200
-0.674 -0.300
-0.673 -0.100
-0.673 -0.100
-0.672 -0.100
-0.672 -0.200
-0.671 -0.200
-0.671 -0.200
-0.670 -0.100
-0.669 -0.100
-0.669 -0.100
-0.668 -0.200
-0.668 -0.300
-0.668 -0.200
-0.667 -0.100
-0.667 -0.100
-0.666 -0.100
-0.665 -0.200
-0.664 -0.200
-0.664 -0.200
-0.663 -0.100
-0.663 -0.100
-0.662 -0.200
-0.662 -0.200
-0.662 -0.300
-0.661 -0.200
-0.661 -0.100
-0.660 -0.100
-0.660 -0.200
-0.659 -0.200
-0.658 -0.200
-0.657 -0.200
-0.656 -0.200
-0.656 -0.100
-0.656 -0.200
-0.656 -0.200
-0.656 -0.200
-0.655 -0.300
-0.654 -0.200
-0.653 -0.200
-0.652 -0.100
-0.652 -0.100
-0.652 -0.200
-0.651 -0.200
-0.650 -0.100
-0.650 -0.100
-0.650 -0.200
-0.649 -0.100
-0.649 -0.200
-0.648 -0.200
-0.647 -0.200
-0.647 -0.200
-0.646 -0.300
-0.646 -0.300
-0.645 -0.100
-0.645 -0.100
-0.644 -0.100
-0.644 -0.200
-0.643 -0.100
-0.642 -0.100
-0.641 -0.200
-0.641 -0.200
-0.640 -0.200
-0.640 -0.200
-0.639 -0.100
-0.639 -0.200
-0.638 -0.200
-0.638 -0.100
-0.638 -0.200
-0.637 -0.300
-0.637 -0.300
-0.637 -0.200
-0.637 -0.200
-0.636 -0.100
-0.635 -0.100
-0.634 -0.100
-0.633 -0.100
-0.633 -0.200
-0.633 -0.100
-0.633 -0.300
-0.632 -0.100
-0.631 -0.200
-0.630 -0.100
-0.629 -0.100
-0.628 -0.100
-0.627 -0.100
-0.627 -0.100
-0.627 -0.100
-0.626 -0.300
-0.626 -0.300
-0.626 -0.100
-0.626 -0.200
-0.625 -0.100
-0.624 -0.100
-0.623 -0.200
-0.623 -0.200
-0.622 -0.200
-0.621 -0.100
-0.621 -0.100
-0.620 -0.100
-0.620 -0.100
-0.620 -0.200
-0.619 -0.100
-0.619 -0.200
-0.619 -0.200
-0.619 -0.200
-0.619 -0.300
-0.619 -0.200
-0.618 -0.100
-0.617 -0.100
-0.616 -0.200
-0.616 -0.100
-0.616 -0.200
-0.616 -0.200
-0.615 -0.300
-0.615 -0.100
-0.615 -0.100
-0.615 -0.100
-0.615 -0.100
-0.615 -0.100
-0.615 -0.100
-0.615 -0.200
-0.615 -0.200
-0.615 -0.100
-0.615 -0.100
-0.615 -0.100
-0.615 -0.100
-0.615 -0.200
-0.615 -0.200
-0.615 -0.100
-0.615 -0.100
-0.615 -0.100
-0.615 -0.200
-0.615 -0.300
-0.615 -0.300
-0.615 -0.100
-0.615 -0.100
-0.615 -0.100
-0.615 -0.200
-0.615 -0.100
-0.615 -0.200
-0.615 -0.300
-0.615 -0.100
-0.615 -0.100
-0.615 -0.100
-0.615 -0.100
-0.615 -0.100
-0.615 -0.200
-0.615 -0.100
-0.615 -0.100
-0.615 -0.100
-0.615 -0.200
-0.615 -0.100
-0.615 -0.100
-0.615 -0.100
-0.615 -0.200
-0.614 -0.200
-0.613 -0.100
-0.611 -0.100
-0.609 -0.200
-0.608 -0.200
-0.607 -0.200
-0.606 -0.100
-0.606 -0.100
-0.605 -0.100
-0.605 -0.100
-0.604 -0.200
-0.604 -0.200
-0.604 -0.100
-0.603 -0.200
-0.602 -0.100
-0.601 -0.100
-0.600 -0.100
-0.600 -0.200
-0.599 -0.100
-0.598 -0.100
-0.597 -0.100
-0.597 -0.200
-0.595 -0.200
-0.594 -0.100
-0.593 -0.100
-0.592 -0.100
-0.592 -0.100
-0.592 -0.200
-0.591 -0.200
-0.591 -0.200
-0.590 -0.100
-0.590 -0.100
-0.589 -0.100
-0.589 -0.100
-0.588 -0.100
-0.587 -0.100
-0.585 -0.200
-0.583 -0.200
-0.582 -0.200
-0.580 -0.200
-0.579 -0.100
-0.579 -0.100
-0.579 -0.100
-0.579 -0.100
-0.578 -0.100
-0.577 -0.100
-0.574 -0.100
-0.573 -0.200
-0.572 -0.200
-0.572 -0.100
-0.572 -0.100
-0.572 -0.100
-0.571 -0.100
-0.571 -0.100
-0.570 -0.200
-0.570 -0.200
-0.569 -0.200
-0.569 -0.100
-0.568 -0.100
-0.567 -0.100
-0.566 -0.200
-0.565 -0.200
-0.564 -0.200
-0.563 -0.100
-0.562 -0.100
-0.561 -0.100
-0.560 -0.100
-0.559 -0.100
-0.557 -0.100
-0.556 0.000
-0.555 -0.100
-0.554 -0.100
-0.552 -0.100
-0.550 -0.200
-0.548 -0.100
-0.547 -0.200
-0.547 -0.100
-0.546 -0.100
-0.544 -0.100
-0.543 -0.100
-0.542 -0.100
-0.540 -0.200
-0.539 -0.100
-0.538 -0.100
-0.537 -0.100
-0.536 -0.200
-0.535 -0.100
-0.534 -0.100
-0.533 -0.100
-0.533 -0.100
-0.532 -0.200
-0.531 -0.200
-0.530 -0.100
-0.529 -0.100
-0.528 -0.100
-0.526 -0.100
-0.525 -0.100
-0.524 -0.200
-0.523 -0.200
-0.522 -0.100
-0.521 -0.100
-0.520 -0.100
-0.518 -0.100
-0.517 -0.100
-0.516 -0.200
-0.514 -0.200
-0.513 -0.200
-0.512 -0.100
-0.511 0.000
-0.510 0.000
-0.509 0.000
-0.507 0.000
-0.506 -0.100
-0.504 0.000
-0.503 0.000
-0.502 0.000
-0.500 0.000
-0.499 -0.100
-0.498 -0.200
-0.497 -0.100
-0.496 0.000
-0.495 0.000
-0.494 -0.100
-0.493 -0.100
-0.492 0.000
-0.491 0.000
-0.490 -0.100
-0.489 0.000
-0.488 0.000
-0.487 -0.200
-0.485 -0.100
-0.484 0.000
-0.482 0.000
-0.481 0.000
-0.479 -0.100
-0.478 0.000
-0.477 0.000
-0.476 0.000
-0.474 0.000
-0.473 0.000
-0.471 0.000
-0.470 0.000
-0.469 0.000
-0.467 0.000
-0.467 0.000
-0.467 -0.100
-0.466 -0.100
-0.466 -0.100
-0.466 0.000
-0.466 0.000
-0.466 0.000
-0.466 0.000
-0.466 0.000
-0.466 0.000
-0.466 0.000
-0.466 -0.100
-0.466 0.000
-0.466 0.000
-0.466 0.000
-0.466 0.000
-0.466 0.000
-0.466 0.000
-0.466 -0.100
-0.466 0.000
-0.466 0.000
-0.466 0.000
-0.466 0.000
-0.464 0.000
-0.462 -0.100
-0.458 0.000
-0.455 0.100
-0.451 0.200
-0.447 0.200
-0.442 0.200
-0.439 0.200
-0.436 0.300
-0.434 0.700
-0.433 1.100
-0.433 1.500
-0.433 1.600
-0.433 1.500
-0.433 1.500
-0.433 1.500
-0.433 1.400
-0.433 1.500
-0.433 1.200
-0.433 1.500
-0.433 1.400
-0.433 1.500
-0.433 1.600
-0.433 1.900
-0.433 2.000
-0.433 2.100
-0.433 1.700
-0.433 1.500
-0.433 1.500
-0.433 1.800
-0.433 1.900
-0.433 1.900
-0.433 2.000
-0.433 1.900
-0.433 1.700
-0.433 1.700
-0.433 1.800
-0.433 1.800
-0.433 1.800
-0.433 1.800
-0.433 1.600
-0.433 1.800
-0.433 1.700
-0.433 1.600
-0.433 1.800
-0.433 2.500
-0.432 3.300
-0.431 6.000
-0.428 15.200
-0.423 31.600
-0.419 11.900
-0.415 1.200
-0.413 0.600
-0.411 0.500
-0.410 0.400
-0.409 0.400
-0.407 0.400
-0.405 0.300
-0.403 0.200
-0.401 0.200
-0.399 0.200
-0.397 0.100
-0.395 0.100
-0.393 0.100
-0.392 0.000
-0.391 0.100
-0.390 0.000
-0.389 0.000
-0.388 0.000
-0.387 -0.100
-0.385 -0.100
-0.384 0.000
-0.383 0.000
-0.381 0.000
-0.380 0.000
-0.379 0.100
-0.378 0.000
-0.376 0.000
-0.374 0.000
-0.371 0.000
-0.370 -0.100
-0.368 0.000
-0.367 0.000
-0.366 0.000
-0.364 0.000
-0.362 0.000
-0.360 -0.200
-0.358 -0.100
-0.356 -0.100
-0.353 0.000
-0.350 0.000
-0.347 0.000
-0.345 0.000
-0.344 0.000
-0.342 -0.100
-0.340 -0.200
-0.339 -0.100
-0.337 0.000
-0.336 0.000
-0.334 0.000
-0.332 0.000
-0.329 0.000
-0.326 -0.100
-0.322 -0.100
-0.319 0.300
-0.317 1.300
-0.315 2.200
-0.314 2.600
-0.313 2.600
-0.312 2.500
-0.310 2.100
-0.309 1.200
-0.307 0.200
-0.304 0.000
-0.302 0.000
-0.300 0.000
-0.299 0.000
-0.298 0.100
-0.297 0.000
-0.296 0.000
-0.294 0.000
-0.292 0.000
-0.290 0.100
-0.288 0.100
-0.286 0.100
-0.285 0.200
-0.284 0.300
-0.283 0.400
-0.282 0.400
-0.281 0.500
-0.280 0.400
-0.278 0.400
-0.276 0.200
-0.274 0.200
-0.272 0.100
-0.270 0.000
-0.270 0.000
-0.269 0.000
-0.267 0.200
-0.266 0.200
-0.265 0.200
-0.264 0.100
-0.262 0.200
-0.261 0.100
-0.259 0.100
-0.258 0.000
-0.256 0.000
-0.255 0.000
-0.254 0.100
-0.252 0.000
-0.251 0.000
-0.250 0.100
-0.249 0.000
-0.248 -0.100
-0.247 0.000
-0.246 0.000
-0.245 0.000
-0.244 0.000
-0.242 0.000
-0.240 -0.100
-0.238 0.000
-0.237 0.000
-0.235 0.000
-0.234 0.000
-0.233 0.000
-0.232 -0.100
-0.230 -0.100
-0.229 -0.200
-0.227 -0.100
-0.225 -0.200
-0.223 -0.100
-0.222 0.000
-0.221 -0.100
-0.220 0.000
-0.219 -0.100
-0.217 -0.100
-0.215 -0.100
-0.214 -0.200
-0.213 -0.100
-0.212 -0.100
-0.211 0.000
-0.210 0.000
-0.208 -0.100
-0.206 -0.100
-0.205 -0.100
-0.204 -0.100
-0.203 0.000
-0.203 -0.100
-0.202 -0.100
-0.201 0.000
-0.199 0.000
-0.198 -0.100
-0.197 -0.100
-0.195 -0.100
-0.194 0.000
-0.193 0.000
-0.193 0.000
-0.191 0.000
-0.190 0.000
-0.189 0.000
-0.187 -0.100
-0.186 -0.100
-0.186 0.000
-0.185 0.000
-0.184 0.000
-0.183 0.000
-0.182 0.000
-0.181 -0.100
-0.179 0.000
-0.178 0.000
-0.176 0.000
-0.174 0.000
-0.172 0.000
-0.170 -0.100
-0.168 -0.100
-0.165 0.000
-0.161 0.000
-0.159 0.000
-0.156 0.000
-0.154 -0.100
-0.152 0.000
-0.149 0.000
-0.147 0.000
-0.144 0.100
-0.141 0.000
-0.138 0.000
-0.136 0.100
-0.134 0.000
-0.132 0.000
-0.130 0.000
-0.126 0.000
-0.122 0.200
-0.120 0.200
-0.116 0.200
-0.114 0.200
-0.112 0.200
-0.109 0.200
-0.107 0.200
-0.104 0.200
-0.102 0.100
-0.099 0.200
-0.097 0.300
-0.094 0.300
-0.092 0.300
-0.089 0.400
-0.086 0.400
-0.085 0.400
-0.085 0.300
-0.085 0.400
-0.084 0.400
-0.083 0.400
-0.082 0.500
-0.081 0.500
-0.080 0.500
-0.078 0.500
-0.078 0.600
-0.076 0.600
-0.075 0.600
-0.073 0.700
-0.072 0.900
-0.070 1.000
-0.068 1.200
-0.066 1.300
-0.064 1.500
-0.062 1.500
-0.060 1.700
-0.059 1.800
-0.059 1.800
-0.057 1.800
-0.055 2.000
-0.052 2.100
-0.050 2.300
-0.049 2.200
-0.049 2.300
-0.048 2.300
-0.048 2.400
-0.047 2.400
-0.046 2.500
-0.046 2.500
-0.045 2.600
-0.044 2.600
-0.043 2.800
-0.041 3.100
-0.041 3.100
-0.040 3.200
-0.039 3.400
-0.038 3.500
-0.036 3.900
-0.035 4.300
-0.034 4.800
-0.032 5.200
-0.031 5.600
-0.029 6.300
-0.028 6.900
-0.027 7.200
-0.026 7.700
-0.025 8.200
-0.023 8.900
-0.022 10.000
-0.020 11.700
-0.019 14.100
-0.018 20.000
-0.016 37.300
-0.015 58.600
-0.015 68.800
-0.015 78.900
-0.014 93.500
-0.013 97.000
-0.012 97.000
-0.011 97.000
-0.010 97.000
-0.009 97.000
-0.009 97.000
-0.008 96.900
-0.008 96.900
-0.006 96.900
-0.004 96.900
-0.003 96.900
-0.002 96.900
-0.002 97.000
-0.001 97.000
-0.001 97.000
-0.001 97.000
-0.001 97.000
-0.001 97.000
-0.001 97.000
-0.001 97.000
-0.001 96.900
-0.001 96.900
-0.001 96.900
-0.001 96.900
-0.001 96.900
-0.001 96.900
-0.001 96.900
-0.001 96.900
0.000 96.900
0.000 96.900
0.000 96.900
0.000 96.900
0.000 96.900
0.000 96.900
0.000 96.900
0.000 97.100
0.000 97.000
0.000 97.000
0.000 97.000
0.000 97.000
0.000 97.000
0.000 97.000
0.000 97.000
0.001 97.100
0.002 47.100
0.004 22.700
0.006 15.700
0.007 13.300
0.009 11.000
0.010 10.000
0.012 8.400
0.013 7.600
0.015 6.300
0.017 5.300
0.018 4.300
0.020 3.500
0.021 3.100
0.022 2.800
0.023 2.400
0.025 2.100
0.026 1.800
0.027 1.700
0.029 1.400
0.031 1.400
0.034 1.300
0.036 1.200
0.039 1.000
0.041 1.000
0.043 0.900
0.045 0.900
0.047 0.800
0.049 0.800
0.051 0.600
0.053 0.600
0.054 0.600
0.056 0.400
0.057 0.400
0.059 0.400
0.061 0.400
0.063 0.400
0.065 0.400
0.066 0.400
0.068 0.400
0.069 0.400
0.070 0.300
0.072 0.300
0.074 0.300
0.076 0.400
0.078 0.300
0.080 0.200
0.083 0.200
0.084 0.200
0.085 0.100
0.086 0.200
0.087 0.200
0.088 0.300
0.089 0.200
0.091 0.200
0.092 0.200
0.094 0.200
0.096 0.200
0.098 0.200
0.100 0.200
0.101 0.100
0.103 0.100
0.104 0.200
0.106 0.200
0.109 0.200
0.110 0.200
0.112 0.200
0.114 0.200
0.117 0.200
0.119 0.100
0.121 0.100
0.123 0.200
0.124 0.200
0.127 0.200
0.130 0.200
0.132 0.200
0.135 0.200
0.138 0.200
0.140 0.200
0.143 0.100
0.146 0.000
0.147 0.100
0.149 0.200
0.151 0.100
0.154 0.100
0.156 0.100
0.157 0.000
0.159 0.000
0.161 0.100
0.163 0.100
0.165 0.100
0.168 0.100
0.170 0.100
0.172 0.000
0.175 0.000
0.177 0.000
0.179 0.000
0.181 0.100
0.183 0.000
0.185 0.100
0.187 0.100
0.189 0.100
0.191 0.000
0.194 0.000
0.196 0.000
0.197 0.000
0.199 0.000
0.201 0.000
0.203 0.000
0.204 0.000
0.206 0.000
0.208 0.000
0.210 0.000
0.211 0.000
0.213 0.000
0.214 0.000
0.216 0.000
0.217 0.000
0.218 0.000
0.220 0.000
0.222 0.000
0.223 0.000
0.224 0.000
0.226 0.000
0.229 0.000
0.232 0.000
0.235 0.000
0.237 0.000
0.239 0.000
0.240 0.000
0.242 0.000
0.243 0.000
0.245 0.000
0.246 0.000
0.248 0.000
0.249 0.000
0.251 0.000
0.252 0.000
0.253 0.200
0.254 0.200
0.256 0.300
0.258 0.200
0.260 0.200
0.262 0.000
0.263 -0.100
0.264 0.000
0.265 0.000
0.267 0.000
0.268 0.000
0.270 0.000
0.271 0.000
0.272 0.000
0.274 -0.100
0.275 -0.100
0.276 -0.100
0.277 0.000
0.279 0.000
0.280 0.100
0.281 0.100
0.283 0.200
0.284 0.400
0.285 0.600
0.286 1.000
0.287 1.600
0.289 2.100
0.291 2.000
0.294 1.100
0.296 0.300
0.297 -0.100
0.299 0.000
0.300 0.000
0.301 0.000
0.302 0.000
0.303 0.000
0.304 -0.200
0.305 -0.100
0.306 0.000
0.306 0.000
0.308 0.000
0.309 0.000
0.309 -0.200
0.310 -0.100
0.311 -0.100
0.312 0.000
0.314 0.000
0.314 -0.100
0.314 -0.200
0.314 -0.200
0.314 -0.100
0.314 0.000
0.314 -0.100
0.314 -0.100
0.314 -0.100
0.314 -0.200
0.314 -0.200
0.315 -0.100
0.315 0.000
0.316 -0.100
0.319 -0.100
0.322 -0.100
0.325 -0.100
0.327 -0.200
0.328 0.000
0.329 0.000
0.330 0.000
0.331 -0.100
0.333 -0.200
0.335 -0.200
0.338 0.000
0.341 0.000
0.343 0.000
0.344 0.000
0.346 0.000
0.348 0.100
0.350 0.000
0.351 0.000
0.352 0.100
0.354 0.000
0.356 0.000
0.359 0.000
0.362 0.000
0.365 0.000
0.368 0.000
0.370 0.100
0.372 0.000
0.374 0.100
0.376 0.200
0.378 0.100
0.381 0.200
0.384 0.300
0.386 0.600
0.390 2.200
0.393 8.600
0.396 21.200
0.399 25.500
0.402 9.500
0.405 1.300
0.408 0.500
0.411 0.300
0.414 0.200
0.418 0.100
0.420 0.000
0.423 0.000
0.427 -0.100
0.430 -0.100
0.433 -0.100
0.435 -0.200
0.437 -0.200
0.440 -0.200
0.442 -0.200
0.444 -0.100
0.445 -0.100
0.447 -0.100
0.449 -0.100
0.452 -0.100
0.454 -0.100
0.456 -0.100
0.459 -0.100
0.461 -0.100
0.464 -0.100
0.465 -0.100
0.465 -0.100
0.465 -0.100
0.465 -0.100
0.466 -0.200
0.467 -0.200
0.468 -0.100
0.468 -0.100
0.470 -0.100
0.471 -0.100
0.473 0.000
0.476 0.000
0.478 0.000
0.481 -0.100
0.484 -0.100
0.486 -0.100
0.488 -0.200
0.491 -0.200
0.494 -0.200
0.497 -0.200
0.500 -0.100
0.504 -0.100
0.507 -0.100
0.511 -0.100
0.514 -0.100
0.517 -0.200
0.520 0.000
0.522 0.000
0.525 -0.100
0.527 -0.100
0.530 -0.100
0.534 -0.100
0.536 -0.200
0.540 -0.200
0.542 -0.100
0.545 -0.100
0.547 -0.100
0.550 -0.100
0.553 -0.100
0.556 -0.200
0.557 -0.200
0.560 -0.200
0.563 -0.200
0.565 -0.200
0.568 -0.200
0.570 -0.100
0.572 -0.100
0.574 -0.100
0.576 -0.100
0.577 -0.100
0.580 -0.100
0.582 -0.200
0.584 -0.200
0.586 -0.100
0.587 -0.100
0.589 -0.100
0.591 -0.100
0.593 -0.100
0.595 -0.100
0.597 -0.200
0.599 0.000
0.601 0.000
0.602 0.100
0.603 0.100
0.605 0.000
0.607 -0.200
0.609 -0.200
0.611 -0.100
0.613 -0.100
0.615 -0.100
0.617 -0.200
0.619 -0.200
0.620 -0.200
0.622 -0.100
0.624 -0.200
0.626 -0.200
0.628 -0.100
0.630 -0.100
0.633 -0.200
0.636 -0.200
0.639 -0.100
0.642 -0.100
0.645 -0.200
0.647 -0.300
0.649 -0.200
0.652 -0.200
0.655 -0.200
0.657 -0.200
0.660 -0.200
0.663 -0.200
0.666 -0.200
0.669 -0.200
0.672 -0.100
0.675 -0.200
0.678 -0.300
0.680 -0.200
0.682 -0.200
0.685 -0.200
0.686 -0.200
0.688 -0.300
0.691 -0.100
0.694 -0.100
0.699 -0.200
0.702 -0.200
0.705 -0.200
0.707 -0.200
0.708 -0.200
0.710 -0.200
0.712 -0.200
0.714 -0.200
0.716 -0.200
0.719 -0.200
0.721 -0.200
0.723 -0.200
0.724 -0.300
0.726 -0.200
0.729 -0.200
0.732 -0.100
0.735 -0.200
0.738 -0.300
0.741 -0.200
0.744 -0.200
0.748 -0.200
0.752 -0.200
0.755 -0.100
0.758 -0.200
0.761 -0.300
0.764 -0.200
0.768 -0.200
0.772 -0.200
0.775 -0.200
0.778 -0.200
0.782 -0.300
0.786 -0.200
0.790 -0.100
0.794 -0.200
0.797 -0.200
0.800 -0.200
0.803 -0.200
0.806 -0.200
0.808 -0.300
0.810 -0.200
0.813 -0.200
0.816 -0.100
0.818 -0.100
0.821 -0.200
0.823 -0.200
0.825 -0.200
0.830 -0.300
0.835 -0.200
0.840 -0.200
0.845 -0.100
0.849 -0.100
0.853 0.300
0.858 1.300
0.863 0.800
0.868 -0.100
0.872 -0.200
0.876 -0.300
0.879 -0.200
0.882 -0.200
0.886 -0.200
0.890 -0.100
0.893 -0.300
0.897 -0.200
0.902 -0.200
0.908 -0.200
0.916 -0.200
0.923 -0.200
0.930 -0.200
0.936 -0.200
0.941 -0.200
0.946 -0.200
0.951 -0.200
0.959 -0.300
0.967 -0.300
0.976 -0.200
0.984 -0.100
0.990 -0.100
0.995 -0.200
0.999 -0.200
1.004 -0.200
1.010 -0.200
1.018 -0.300
1.025 -0.300
1.031 -0.200
1.038 -0.200
1.043 -0.200
1.049 -0.200
1.056 -0.200
1.063 -0.200
1.069 -0.300
1.077 -0.300
1.085 -0.200
1.091 -0.200
1.091 -0.200
1.091 -0.200
1.091 -0.200
1.091 -0.200
1.091 -0.300
1.091 -0.300
1.091 -0.200
1.091 -0.200
1.091 -0.200
1.091 -0.200
1.091 -0.200
1.091 -0.300
1.090 -0.300
1.090 -0.200
1.090 -0.200
1.090 -0.200
1.090 -0.200
1.090 -0.200
1.090 -0.200
1.090 -0.200
1.090 -0.300
1.090 -0.200
1.090 -0.200
1.090 -0.200
1.090 -0.200
1.090 -0.200
1.090 -0.200
1.090 -0.200
1.090 -0.200
1.090 -0.300
1.090 -0.300
1.090 -0.200
1.090 -0.200
